40mA

1.000,0.954,0.881,0.824,0.785,0.759,0.739,0.723,0.711,0.704,0.699,0.695,0.691,0.689,0.691,0.688,0.691,0.692,0.693,0.694,
0.695,0.696,0.697,0.698,0.699,0.699,0.700,0.701,0.702,0.703,0.704,0.705,0.706,0.707,0.708,0.709,0.710,0.711,0.712,0.713,
0.714,0.715,0.716,0.717,0.718,0.719,0.720,0.721,0.722,0.723,0.724,0.725,0.726,0.727,0.728,0.729,0.730,0.731,0.732,0.733,
0.734,0.735,0.736,0.737,0.738,0.739,0.740,0.741,0.742,0.744,0.745,0.746,0.747,0.748,0.749,0.750,0.751,0.752,0.753,0.754,
0.755,0.756,0.757,0.758,0.759,0.760,0.761,0.763,0.764,0.765,0.766,0.767,0.768,0.769,0.770,0.771,0.772,0.773,0.774,0.775,
0.776,0.778,0.779,0.780,0.781,0.782,0.783,0.784,0.785,0.786,0.787,0.788,0.789,0.791,0.792,0.793,0.794,0.795,0.796,0.797,
0.798,0.799,0.800,0.801,0.803,0.804,0.805,0.806,0.807,0.808,0.809,0.810,0.811,0.812,0.813,0.815,0.816,0.817,0.818,0.819,
0.820,0.821,0.822,0.823,0.824,0.826,0.827,0.828,0.829,0.830,0.831,0.832,0.833,0.834,0.835,0.836,0.837,0.839,0.840,0.841,
0.842,0.843,0.844,0.845,0.846,0.847,0.848,0.849,0.851,0.852,0.853,0.854,0.855,0.856,0.857,0.858,0.859,0.860,0.861,0.862,
0.863,0.864,0.866,0.867,0.868,0.869,0.870,0.871,0.872,0.873,0.874,0.875,0.876,0.877,0.878,0.879,0.880,0.881,0.882,0.884,
0.885,0.886,0.887,0.888,0.889,0.890,0.891,0.892,0.893,0.894,0.895,0.896,0.897,0.898,0.899,0.900,0.901,0.902,0.903,0.904,
0.905,0.906,0.907,0.908,0.909,0.910,0.911,0.912,0.913,0.914,0.915,0.916,0.917,0.918,0.919,0.920,0.921,0.922,0.923,0.924,
0.925,0.926,0.927,0.928,0.929,0.930,0.931,0.931,0.932,0.933,0.934,0.935,0.936,0.937,0.938,0.939,0.940,0.941,0.942,0.943,
0.944,0.944,0.945,0.946,0.947,0.948,0.949,0.950,0.951,0.952,0.953,0.953,0.954,0.955,0.956,0.957,0.958,0.959,0.959,0.960,
0.961,0.962,0.963,0.964,0.964,0.965,0.966,0.967,0.968,0.969,0.969,0.970,0.971,0.972,0.973,0.973,0.974,0.975,0.976,0.977,
0.977,0.978,0.979,0.980,0.980,0.981,0.982,0.983,0.983,0.984,0.985,0.986,0.986,0.987,0.988,0.989,0.989,0.990,0.991,0.991,
0.992,0.993,0.993,0.994,0.995,0.995,0.996,0.997,0.997,0.998,0.999,0.999,1.000,

39mA

1.000,0.956,0.883,0.826,0.788,0.762,0.742,0.725,0.714,0.707,0.703,0.699,0.696,0.693,0.694,0.692,0.695,0.696,0.696,0.697,
0.698,0.699,0.700,0.701,0.702,0.703,0.704,0.705,0.706,0.707,0.707,0.708,0.709,0.710,0.711,0.712,0.713,0.714,0.715,0.716,
0.717,0.718,0.719,0.720,0.721,0.722,0.723,0.724,0.725,0.726,0.727,0.728,0.729,0.730,0.731,0.732,0.733,0.734,0.734,0.735,
0.736,0.737,0.738,0.740,0.741,0.742,0.743,0.744,0.745,0.746,0.747,0.748,0.749,0.750,0.751,0.752,0.753,0.754,0.755,0.756,
0.757,0.758,0.759,0.760,0.761,0.762,0.763,0.764,0.765,0.766,0.767,0.768,0.769,0.770,0.771,0.772,0.774,0.775,0.776,0.777,
0.778,0.779,0.780,0.781,0.782,0.783,0.784,0.785,0.786,0.787,0.788,0.789,0.790,0.792,0.793,0.794,0.795,0.796,0.797,0.798,
0.799,0.800,0.801,0.802,0.803,0.804,0.805,0.807,0.808,0.809,0.810,0.811,0.812,0.813,0.814,0.815,0.816,0.817,0.818,0.819,
0.820,0.822,0.823,0.824,0.825,0.826,0.827,0.828,0.829,0.830,0.831,0.832,0.833,0.834,0.836,0.837,0.838,0.839,0.840,0.841,
0.842,0.843,0.844,0.845,0.846,0.847,0.848,0.849,0.851,0.852,0.853,0.854,0.855,0.856,0.857,0.858,0.859,0.860,0.861,0.862,
0.863,0.864,0.865,0.866,0.867,0.869,0.870,0.871,0.872,0.873,0.874,0.875,0.876,0.877,0.878,0.879,0.880,0.881,0.882,0.883,
0.884,0.885,0.886,0.887,0.888,0.889,0.890,0.891,0.892,0.893,0.894,0.895,0.897,0.898,0.899,0.900,0.901,0.902,0.903,0.904,
0.905,0.906,0.907,0.908,0.909,0.910,0.911,0.912,0.913,0.914,0.914,0.915,0.916,0.917,0.918,0.919,0.920,0.921,0.922,0.923,
0.924,0.925,0.926,0.927,0.928,0.929,0.930,0.931,0.932,0.933,0.934,0.935,0.936,0.936,0.937,0.938,0.939,0.940,0.941,0.942,
0.943,0.944,0.945,0.946,0.947,0.947,0.948,0.949,0.950,0.951,0.952,0.953,0.954,0.954,0.955,0.956,0.957,0.958,0.959,0.960,
0.960,0.961,0.962,0.963,0.964,0.965,0.966,0.966,0.967,0.968,0.969,0.970,0.970,0.971,0.972,0.973,0.974,0.974,0.975,0.976,
0.977,0.978,0.978,0.979,0.980,0.981,0.981,0.982,0.983,0.984,0.984,0.985,0.986,0.987,0.987,0.988,0.989,0.989,0.990,0.991,
0.992,0.992,0.993,0.994,0.994,0.995,0.996,0.996,0.997,0.998,0.998,0.999,1.000,

38mA

0.997,0.956,0.883,0.829,0.793,0.766,0.744,0.729,0.719,0.713,0.707,0.702,0.702,0.698,0.699,0.699,0.700,0.701,0.702,0.703,
0.704,0.705,0.706,0.706,0.707,0.708,0.709,0.710,0.711,0.712,0.713,0.714,0.714,0.715,0.716,0.717,0.718,0.719,0.720,0.721,
0.722,0.723,0.724,0.725,0.725,0.726,0.727,0.728,0.729,0.730,0.731,0.732,0.733,0.734,0.735,0.736,0.737,0.738,0.739,0.740,
0.741,0.742,0.743,0.744,0.745,0.746,0.747,0.748,0.748,0.749,0.750,0.751,0.752,0.753,0.754,0.755,0.756,0.757,0.758,0.759,
0.760,0.761,0.762,0.763,0.764,0.765,0.766,0.767,0.768,0.769,0.770,0.771,0.772,0.774,0.775,0.776,0.777,0.778,0.779,0.780,
0.781,0.782,0.783,0.784,0.785,0.786,0.787,0.788,0.789,0.790,0.791,0.792,0.793,0.794,0.795,0.796,0.797,0.798,0.799,0.800,
0.801,0.802,0.803,0.804,0.806,0.807,0.808,0.809,0.810,0.811,0.812,0.813,0.814,0.815,0.816,0.817,0.818,0.819,0.820,0.821,
0.822,0.823,0.824,0.825,0.826,0.827,0.829,0.830,0.831,0.832,0.833,0.834,0.835,0.836,0.837,0.838,0.839,0.840,0.841,0.842,
0.843,0.844,0.845,0.846,0.847,0.848,0.849,0.851,0.852,0.853,0.854,0.855,0.856,0.857,0.858,0.859,0.860,0.861,0.862,0.863,
0.864,0.865,0.866,0.867,0.868,0.869,0.870,0.871,0.872,0.873,0.874,0.875,0.876,0.877,0.878,0.879,0.881,0.882,0.883,0.884,
0.885,0.886,0.887,0.888,0.889,0.890,0.891,0.892,0.893,0.894,0.895,0.896,0.897,0.898,0.899,0.900,0.901,0.902,0.903,0.904,
0.905,0.906,0.907,0.908,0.909,0.910,0.911,0.912,0.913,0.913,0.914,0.915,0.916,0.917,0.918,0.919,0.920,0.921,0.922,0.923,
0.924,0.925,0.926,0.927,0.928,0.929,0.930,0.931,0.932,0.933,0.933,0.934,0.935,0.936,0.937,0.938,0.939,0.940,0.941,0.942,
0.943,0.944,0.944,0.945,0.946,0.947,0.948,0.949,0.950,0.951,0.952,0.952,0.953,0.954,0.955,0.956,0.957,0.958,0.959,0.959,
0.960,0.961,0.962,0.963,0.964,0.964,0.965,0.966,0.967,0.968,0.969,0.969,0.970,0.971,0.972,0.973,0.973,0.974,0.975,0.976,
0.977,0.977,0.978,0.979,0.980,0.981,0.981,0.982,0.983,0.984,0.984,0.985,0.986,0.987,0.987,0.988,0.989,0.990,0.990,0.991,
0.992,0.992,0.993,0.994,0.995,0.995,0.996,0.997,0.997,0.998,0.999,0.999,1.000,

37mA

1.000,0.957,0.889,0.833,0.795,0.771,0.752,0.738,0.727,0.719,0.714,0.711,0.708,0.706,0.705,0.706,0.701,0.702,0.703,0.704,
0.705,0.707,0.708,0.709,0.710,0.711,0.712,0.714,0.715,0.716,0.717,0.718,0.719,0.720,0.721,0.722,0.724,0.725,0.726,0.727,
0.728,0.729,0.730,0.731,0.732,0.733,0.734,0.735,0.736,0.737,0.738,0.739,0.740,0.741,0.742,0.743,0.744,0.745,0.746,0.747,
0.748,0.749,0.750,0.751,0.752,0.753,0.754,0.755,0.756,0.757,0.758,0.759,0.760,0.761,0.762,0.763,0.764,0.765,0.766,0.767,
0.768,0.769,0.770,0.770,0.771,0.772,0.773,0.774,0.775,0.776,0.777,0.778,0.779,0.780,0.781,0.782,0.783,0.784,0.785,0.786,
0.786,0.787,0.788,0.789,0.790,0.791,0.792,0.793,0.794,0.795,0.796,0.797,0.798,0.799,0.800,0.801,0.801,0.802,0.803,0.804,
0.805,0.806,0.807,0.808,0.809,0.810,0.811,0.812,0.813,0.814,0.815,0.816,0.817,0.818,0.819,0.820,0.821,0.822,0.823,0.823,
0.824,0.825,0.826,0.827,0.828,0.829,0.830,0.831,0.832,0.833,0.834,0.835,0.836,0.837,0.838,0.839,0.840,0.841,0.842,0.843,
0.844,0.845,0.846,0.847,0.848,0.849,0.850,0.851,0.852,0.853,0.854,0.855,0.856,0.857,0.858,0.859,0.860,0.861,0.862,0.863,
0.864,0.865,0.866,0.867,0.868,0.870,0.871,0.872,0.873,0.874,0.875,0.876,0.877,0.878,0.879,0.880,0.881,0.882,0.883,0.884,
0.885,0.886,0.887,0.888,0.889,0.890,0.891,0.892,0.893,0.894,0.895,0.897,0.898,0.899,0.900,0.901,0.902,0.903,0.904,0.905,
0.906,0.907,0.908,0.909,0.910,0.911,0.912,0.913,0.914,0.915,0.916,0.917,0.918,0.919,0.920,0.921,0.922,0.923,0.924,0.925,
0.926,0.927,0.928,0.929,0.930,0.931,0.932,0.933,0.934,0.935,0.936,0.937,0.938,0.939,0.940,0.941,0.942,0.943,0.944,0.945,
0.946,0.947,0.948,0.949,0.950,0.951,0.952,0.953,0.954,0.954,0.955,0.956,0.957,0.958,0.959,0.960,0.961,0.962,0.962,0.963,
0.964,0.965,0.966,0.967,0.967,0.968,0.969,0.970,0.971,0.971,0.972,0.973,0.974,0.975,0.975,0.976,0.977,0.978,0.978,0.979,
0.980,0.980,0.981,0.982,0.982,0.983,0.984,0.984,0.985,0.986,0.986,0.987,0.987,0.988,0.988,0.989,0.990,0.990,0.991,0.991,
0.992,0.992,0.993,0.993,0.994,0.994,0.994,0.995,0.995,0.996,0.996,0.996,0.997,

36mA

1.000,0.958,0.888,0.836,0.801,0.775,0.755,0.740,0.730,0.724,0.719,0.714,0.713,0.711,0.705,0.706,0.707,0.708,0.709,0.710,
0.712,0.713,0.714,0.715,0.716,0.717,0.718,0.719,0.720,0.721,0.722,0.723,0.724,0.725,0.726,0.727,0.728,0.729,0.730,0.731,
0.732,0.733,0.734,0.735,0.736,0.737,0.738,0.739,0.740,0.741,0.742,0.743,0.744,0.745,0.746,0.747,0.748,0.749,0.750,0.751,
0.752,0.753,0.754,0.755,0.756,0.757,0.758,0.758,0.759,0.760,0.761,0.762,0.763,0.764,0.765,0.766,0.767,0.768,0.769,0.770,
0.770,0.771,0.772,0.773,0.774,0.775,0.776,0.777,0.778,0.779,0.780,0.780,0.781,0.782,0.783,0.784,0.785,0.786,0.787,0.788,
0.789,0.790,0.791,0.791,0.792,0.793,0.794,0.795,0.796,0.797,0.798,0.799,0.800,0.801,0.802,0.802,0.803,0.804,0.805,0.806,
0.807,0.808,0.809,0.810,0.811,0.812,0.813,0.814,0.814,0.815,0.816,0.817,0.818,0.819,0.820,0.821,0.822,0.823,0.824,0.825,
0.826,0.827,0.828,0.829,0.830,0.831,0.832,0.832,0.833,0.834,0.835,0.836,0.837,0.838,0.839,0.840,0.841,0.842,0.843,0.844,
0.845,0.846,0.847,0.848,0.849,0.850,0.851,0.852,0.853,0.854,0.855,0.856,0.857,0.858,0.859,0.860,0.861,0.862,0.863,0.864,
0.865,0.866,0.867,0.868,0.869,0.870,0.871,0.872,0.873,0.874,0.875,0.876,0.877,0.878,0.879,0.880,0.881,0.882,0.883,0.884,
0.885,0.886,0.887,0.888,0.889,0.890,0.891,0.892,0.893,0.894,0.895,0.896,0.897,0.898,0.899,0.900,0.901,0.902,0.903,0.904,
0.905,0.906,0.907,0.908,0.909,0.910,0.911,0.912,0.914,0.915,0.916,0.917,0.918,0.919,0.920,0.921,0.922,0.923,0.924,0.925,
0.926,0.927,0.928,0.928,0.929,0.930,0.931,0.932,0.933,0.934,0.935,0.936,0.937,0.938,0.939,0.940,0.941,0.942,0.943,0.944,
0.945,0.946,0.947,0.948,0.949,0.950,0.950,0.951,0.952,0.953,0.954,0.955,0.956,0.957,0.958,0.959,0.959,0.960,0.961,0.962,
0.963,0.964,0.965,0.965,0.966,0.967,0.968,0.969,0.969,0.970,0.971,0.972,0.973,0.973,0.974,0.975,0.976,0.976,0.977,0.978,
0.979,0.979,0.980,0.981,0.981,0.982,0.983,0.983,0.984,0.985,0.985,0.986,0.987,0.987,0.988,0.988,0.989,0.990,0.990,0.991,
0.991,0.992,0.992,0.993,0.993,0.994,0.994,0.995,0.995,0.996,0.996,0.997,0.997,

35mA

1.000,0.961,0.891,0.841,0.807,0.781,0.760,0.745,0.737,0.731,0.726,0.722,0.722,0.712,0.713,0.714,0.715,0.716,0.717,0.718,
0.719,0.721,0.722,0.723,0.724,0.725,0.726,0.727,0.728,0.729,0.730,0.731,0.732,0.733,0.734,0.735,0.736,0.737,0.738,0.739,
0.740,0.741,0.742,0.743,0.744,0.745,0.746,0.747,0.747,0.748,0.749,0.750,0.751,0.752,0.753,0.754,0.755,0.756,0.757,0.758,
0.759,0.760,0.760,0.761,0.762,0.763,0.764,0.765,0.766,0.767,0.768,0.769,0.769,0.770,0.771,0.772,0.773,0.774,0.775,0.776,
0.777,0.777,0.778,0.779,0.780,0.781,0.782,0.783,0.784,0.784,0.785,0.786,0.787,0.788,0.789,0.790,0.791,0.792,0.792,0.793,
0.794,0.795,0.796,0.797,0.798,0.799,0.799,0.800,0.801,0.802,0.803,0.804,0.805,0.806,0.807,0.807,0.808,0.809,0.810,0.811,
0.812,0.813,0.814,0.815,0.816,0.816,0.817,0.818,0.819,0.820,0.821,0.822,0.823,0.824,0.825,0.826,0.826,0.827,0.828,0.829,
0.830,0.831,0.832,0.833,0.834,0.835,0.836,0.837,0.838,0.839,0.839,0.840,0.841,0.842,0.843,0.844,0.845,0.846,0.847,0.848,
0.849,0.850,0.851,0.852,0.853,0.854,0.855,0.856,0.857,0.858,0.859,0.860,0.861,0.862,0.862,0.863,0.864,0.865,0.866,0.867,
0.868,0.869,0.870,0.871,0.872,0.873,0.874,0.875,0.876,0.877,0.878,0.879,0.880,0.881,0.882,0.883,0.884,0.885,0.886,0.887,
0.888,0.889,0.890,0.891,0.892,0.893,0.894,0.895,0.896,0.897,0.898,0.899,0.900,0.901,0.902,0.903,0.904,0.905,0.906,0.907,
0.908,0.909,0.910,0.911,0.912,0.913,0.914,0.915,0.916,0.917,0.918,0.919,0.920,0.921,0.922,0.923,0.924,0.925,0.926,0.927,
0.928,0.929,0.930,0.931,0.932,0.933,0.934,0.935,0.936,0.937,0.938,0.939,0.940,0.941,0.942,0.943,0.944,0.945,0.946,0.947,
0.947,0.948,0.949,0.950,0.951,0.952,0.953,0.954,0.955,0.956,0.957,0.957,0.958,0.959,0.960,0.961,0.962,0.963,0.964,0.964,
0.965,0.966,0.967,0.968,0.969,0.969,0.970,0.971,0.972,0.973,0.973,0.974,0.975,0.976,0.976,0.977,0.978,0.979,0.979,0.980,
0.981,0.982,0.982,0.983,0.984,0.984,0.985,0.986,0.986,0.987,0.988,0.988,0.989,0.989,0.990,0.991,0.991,0.992,0.992,0.993,
0.993,0.994,0.994,0.995,0.995,0.996,0.996,0.997,0.997,0.998,0.998,0.998,0.999,

34mA

1.000,0.961,0.894,0.843,0.809,0.785,0.765,0.750,0.741,0.735,0.731,0.727,0.723,0.723,0.721,0.717,0.718,0.719,0.720,0.721,
0.722,0.723,0.724,0.725,0.726,0.728,0.729,0.730,0.731,0.732,0.733,0.734,0.735,0.736,0.737,0.738,0.739,0.740,0.741,0.742,
0.743,0.744,0.745,0.746,0.747,0.747,0.748,0.749,0.750,0.751,0.752,0.753,0.754,0.755,0.756,0.757,0.758,0.759,0.759,0.760,
0.761,0.762,0.763,0.764,0.765,0.766,0.767,0.768,0.768,0.769,0.770,0.771,0.772,0.773,0.774,0.774,0.775,0.776,0.777,0.778,
0.779,0.780,0.781,0.781,0.782,0.783,0.784,0.785,0.786,0.787,0.787,0.788,0.789,0.790,0.791,0.792,0.792,0.793,0.794,0.795,
0.796,0.797,0.798,0.798,0.799,0.800,0.801,0.802,0.803,0.804,0.804,0.805,0.806,0.807,0.808,0.809,0.810,0.810,0.811,0.812,
0.813,0.814,0.815,0.816,0.816,0.817,0.818,0.819,0.820,0.821,0.822,0.823,0.823,0.824,0.825,0.826,0.827,0.828,0.829,0.830,
0.830,0.831,0.832,0.833,0.834,0.835,0.836,0.837,0.838,0.839,0.839,0.840,0.841,0.842,0.843,0.844,0.845,0.846,0.847,0.848,
0.849,0.849,0.850,0.851,0.852,0.853,0.854,0.855,0.856,0.857,0.858,0.859,0.860,0.861,0.862,0.862,0.863,0.864,0.865,0.866,
0.867,0.868,0.869,0.870,0.871,0.872,0.873,0.874,0.875,0.876,0.877,0.878,0.879,0.880,0.881,0.882,0.882,0.883,0.884,0.885,
0.886,0.887,0.888,0.889,0.890,0.891,0.892,0.893,0.894,0.895,0.896,0.897,0.898,0.899,0.900,0.901,0.902,0.903,0.904,0.905,
0.906,0.907,0.908,0.909,0.910,0.911,0.912,0.913,0.914,0.915,0.916,0.917,0.918,0.919,0.920,0.921,0.922,0.922,0.923,0.924,
0.925,0.926,0.927,0.928,0.929,0.930,0.931,0.932,0.933,0.934,0.935,0.936,0.937,0.938,0.939,0.940,0.941,0.942,0.942,0.943,
0.944,0.945,0.946,0.947,0.948,0.949,0.950,0.951,0.952,0.953,0.953,0.954,0.955,0.956,0.957,0.958,0.959,0.960,0.960,0.961,
0.962,0.963,0.964,0.965,0.965,0.966,0.967,0.968,0.969,0.970,0.970,0.971,0.972,0.973,0.973,0.974,0.975,0.976,0.977,0.977,
0.978,0.979,0.979,0.980,0.981,0.982,0.982,0.983,0.984,0.984,0.985,0.986,0.986,0.987,0.987,0.988,0.989,0.989,0.990,0.990,
0.991,0.992,0.992,0.993,0.993,0.994,0.994,0.995,0.995,0.996,0.996,0.997,0.997,

33mA

1.000,0.962,0.896,0.846,0.813,0.789,0.770,0.756,0.747,0.741,0.736,0.731,0.728,0.730,0.722,0.723,0.725,0.726,0.727,0.728,
0.729,0.730,0.731,0.732,0.733,0.734,0.735,0.736,0.737,0.738,0.739,0.740,0.741,0.742,0.743,0.743,0.744,0.745,0.746,0.747,
0.748,0.749,0.750,0.751,0.752,0.753,0.754,0.755,0.756,0.756,0.757,0.758,0.759,0.760,0.761,0.762,0.763,0.763,0.764,0.765,
0.766,0.767,0.768,0.769,0.770,0.770,0.771,0.772,0.773,0.774,0.775,0.776,0.776,0.777,0.778,0.779,0.780,0.781,0.781,0.782,
0.783,0.784,0.785,0.786,0.786,0.787,0.788,0.789,0.790,0.791,0.791,0.792,0.793,0.794,0.795,0.796,0.796,0.797,0.798,0.799,
0.800,0.801,0.801,0.802,0.803,0.804,0.805,0.805,0.806,0.807,0.808,0.809,0.810,0.810,0.811,0.812,0.813,0.814,0.815,0.816,
0.816,0.817,0.818,0.819,0.820,0.821,0.821,0.822,0.823,0.824,0.825,0.826,0.827,0.827,0.828,0.829,0.830,0.831,0.832,0.833,
0.833,0.834,0.835,0.836,0.837,0.838,0.839,0.839,0.840,0.841,0.842,0.843,0.844,0.845,0.846,0.846,0.847,0.848,0.849,0.850,
0.851,0.852,0.853,0.854,0.855,0.855,0.856,0.857,0.858,0.859,0.860,0.861,0.862,0.863,0.864,0.864,0.865,0.866,0.867,0.868,
0.869,0.870,0.871,0.872,0.873,0.874,0.875,0.876,0.877,0.877,0.878,0.879,0.880,0.881,0.882,0.883,0.884,0.885,0.886,0.887,
0.888,0.889,0.890,0.891,0.892,0.892,0.893,0.894,0.895,0.896,0.897,0.898,0.899,0.900,0.901,0.902,0.903,0.904,0.905,0.906,
0.907,0.908,0.909,0.910,0.911,0.912,0.912,0.913,0.914,0.915,0.916,0.917,0.918,0.919,0.920,0.921,0.922,0.923,0.924,0.925,
0.926,0.927,0.928,0.929,0.930,0.930,0.931,0.932,0.933,0.934,0.935,0.936,0.937,0.938,0.939,0.940,0.941,0.942,0.943,0.943,
0.944,0.945,0.946,0.947,0.948,0.949,0.950,0.951,0.952,0.952,0.953,0.954,0.955,0.956,0.957,0.958,0.959,0.959,0.960,0.961,
0.962,0.963,0.964,0.964,0.965,0.966,0.967,0.968,0.969,0.969,0.970,0.971,0.972,0.973,0.973,0.974,0.975,0.976,0.976,0.977,
0.978,0.979,0.979,0.980,0.981,0.982,0.982,0.983,0.984,0.984,0.985,0.986,0.986,0.987,0.988,0.988,0.989,0.990,0.990,0.991,
0.991,0.992,0.992,0.993,0.994,0.994,0.995,0.995,0.996,0.996,0.997,0.997,0.998,

32mA

1.000,0.961,0.898,0.848,0.815,0.793,0.774,0.760,0.750,0.744,0.741,0.738,0.735,0.734,0.736,0.732,0.733,0.733,0.734,0.735,
0.735,0.736,0.737,0.738,0.739,0.739,0.740,0.741,0.742,0.742,0.743,0.744,0.745,0.745,0.746,0.747,0.748,0.749,0.749,0.750,
0.751,0.752,0.752,0.753,0.754,0.755,0.756,0.756,0.757,0.758,0.759,0.760,0.760,0.761,0.762,0.763,0.764,0.764,0.765,0.766,
0.767,0.768,0.768,0.769,0.770,0.771,0.772,0.772,0.773,0.774,0.775,0.776,0.777,0.777,0.778,0.779,0.780,0.781,0.782,0.782,
0.783,0.784,0.785,0.786,0.787,0.787,0.788,0.789,0.790,0.791,0.792,0.792,0.793,0.794,0.795,0.796,0.797,0.798,0.798,0.799,
0.800,0.801,0.802,0.803,0.803,0.804,0.805,0.806,0.807,0.808,0.809,0.809,0.810,0.811,0.812,0.813,0.814,0.815,0.815,0.816,
0.817,0.818,0.819,0.820,0.821,0.822,0.822,0.823,0.824,0.825,0.826,0.827,0.828,0.829,0.829,0.830,0.831,0.832,0.833,0.834,
0.835,0.836,0.836,0.837,0.838,0.839,0.840,0.841,0.842,0.843,0.843,0.844,0.845,0.846,0.847,0.848,0.849,0.850,0.851,0.851,
0.852,0.853,0.854,0.855,0.856,0.857,0.858,0.858,0.859,0.860,0.861,0.862,0.863,0.864,0.865,0.866,0.866,0.867,0.868,0.869,
0.870,0.871,0.872,0.873,0.874,0.874,0.875,0.876,0.877,0.878,0.879,0.880,0.881,0.882,0.882,0.883,0.884,0.885,0.886,0.887,
0.888,0.889,0.890,0.890,0.891,0.892,0.893,0.894,0.895,0.896,0.897,0.897,0.898,0.899,0.900,0.901,0.902,0.903,0.904,0.905,
0.905,0.906,0.907,0.908,0.909,0.910,0.911,0.912,0.912,0.913,0.914,0.915,0.916,0.917,0.918,0.919,0.919,0.920,0.921,0.922,
0.923,0.924,0.925,0.926,0.926,0.927,0.928,0.929,0.930,0.931,0.932,0.933,0.933,0.934,0.935,0.936,0.937,0.938,0.939,0.939,
0.940,0.941,0.942,0.943,0.944,0.945,0.945,0.946,0.947,0.948,0.949,0.950,0.951,0.951,0.952,0.953,0.954,0.955,0.956,0.957,
0.957,0.958,0.959,0.960,0.961,0.962,0.962,0.963,0.964,0.965,0.966,0.967,0.967,0.968,0.969,0.970,0.971,0.972,0.972,0.973,
0.974,0.975,0.976,0.977,0.977,0.978,0.979,0.980,0.981,0.981,0.982,0.983,0.984,0.985,0.986,0.986,0.987,0.988,0.989,0.990,
0.990,0.991,0.992,0.993,0.994,0.994,0.995,0.996,0.997,0.997,0.998,0.999,1.000,

31mA

1.000,0.961,0.902,0.854,0.820,0.798,0.781,0.768,0.757,0.750,0.746,0.744,0.742,0.740,0.738,0.738,0.740,0.739,0.740,0.741,
0.742,0.742,0.743,0.744,0.745,0.745,0.746,0.747,0.748,0.748,0.749,0.750,0.750,0.751,0.752,0.753,0.753,0.754,0.755,0.756,
0.756,0.757,0.758,0.759,0.759,0.760,0.761,0.762,0.763,0.763,0.764,0.765,0.766,0.766,0.767,0.768,0.769,0.769,0.770,0.771,
0.772,0.773,0.773,0.774,0.775,0.776,0.776,0.777,0.778,0.779,0.780,0.780,0.781,0.782,0.783,0.784,0.784,0.785,0.786,0.787,
0.788,0.788,0.789,0.790,0.791,0.792,0.792,0.793,0.794,0.795,0.796,0.796,0.797,0.798,0.799,0.800,0.800,0.801,0.802,0.803,
0.804,0.805,0.805,0.806,0.807,0.808,0.809,0.809,0.810,0.811,0.812,0.813,0.814,0.814,0.815,0.816,0.817,0.818,0.819,0.819,
0.820,0.821,0.822,0.823,0.824,0.824,0.825,0.826,0.827,0.828,0.829,0.829,0.830,0.831,0.832,0.833,0.834,0.835,0.835,0.836,
0.837,0.838,0.839,0.840,0.840,0.841,0.842,0.843,0.844,0.845,0.846,0.846,0.847,0.848,0.849,0.850,0.851,0.851,0.852,0.853,
0.854,0.855,0.856,0.857,0.857,0.858,0.859,0.860,0.861,0.862,0.863,0.863,0.864,0.865,0.866,0.867,0.868,0.869,0.869,0.870,
0.871,0.872,0.873,0.874,0.875,0.875,0.876,0.877,0.878,0.879,0.880,0.881,0.881,0.882,0.883,0.884,0.885,0.886,0.887,0.887,
0.888,0.889,0.890,0.891,0.892,0.893,0.893,0.894,0.895,0.896,0.897,0.898,0.899,0.899,0.900,0.901,0.902,0.903,0.904,0.905,
0.905,0.906,0.907,0.908,0.909,0.910,0.911,0.911,0.912,0.913,0.914,0.915,0.916,0.917,0.917,0.918,0.919,0.920,0.921,0.922,
0.923,0.923,0.924,0.925,0.926,0.927,0.928,0.929,0.929,0.930,0.931,0.932,0.933,0.934,0.935,0.935,0.936,0.937,0.938,0.939,
0.940,0.940,0.941,0.942,0.943,0.944,0.945,0.945,0.946,0.947,0.948,0.949,0.950,0.951,0.951,0.952,0.953,0.954,0.955,0.956,
0.956,0.957,0.958,0.959,0.960,0.961,0.961,0.962,0.963,0.964,0.965,0.966,0.966,0.967,0.968,0.969,0.970,0.970,0.971,0.972,
0.973,0.974,0.975,0.975,0.976,0.977,0.978,0.979,0.979,0.980,0.981,0.982,0.983,0.983,0.984,0.985,0.986,0.987,0.988,0.988,
0.989,0.990,0.991,0.992,0.992,0.993,0.994,0.995,0.996,0.996,0.997,0.998,0.999,


30mA

0.996,0.962,0.901,0.854,0.824,0.803,0.785,0.771,0.762,0.756,0.753,0.750,0.747,0.747,0.746,0.745,0.746,0.747,0.747,0.748,
0.749,0.749,0.750,0.751,0.752,0.752,0.753,0.754,0.754,0.755,0.756,0.757,0.757,0.758,0.759,0.760,0.760,0.761,0.762,0.763,
0.763,0.764,0.765,0.765,0.766,0.767,0.768,0.768,0.769,0.770,0.771,0.771,0.772,0.773,0.774,0.774,0.775,0.776,0.777,0.777,
0.778,0.779,0.780,0.780,0.781,0.782,0.783,0.784,0.784,0.785,0.786,0.787,0.787,0.788,0.789,0.790,0.790,0.791,0.792,0.793,
0.794,0.794,0.795,0.796,0.797,0.797,0.798,0.799,0.800,0.801,0.801,0.802,0.803,0.804,0.805,0.805,0.806,0.807,0.808,0.808,
0.809,0.810,0.811,0.812,0.812,0.813,0.814,0.815,0.816,0.816,0.817,0.818,0.819,0.820,0.820,0.821,0.822,0.823,0.824,0.824,
0.825,0.826,0.827,0.828,0.829,0.829,0.830,0.831,0.832,0.833,0.833,0.834,0.835,0.836,0.837,0.837,0.838,0.839,0.840,0.841,
0.842,0.842,0.843,0.844,0.845,0.846,0.846,0.847,0.848,0.849,0.850,0.851,0.851,0.852,0.853,0.854,0.855,0.856,0.856,0.857,
0.858,0.859,0.860,0.861,0.861,0.862,0.863,0.864,0.865,0.865,0.866,0.867,0.868,0.869,0.870,0.870,0.871,0.872,0.873,0.874,
0.875,0.875,0.876,0.877,0.878,0.879,0.880,0.880,0.881,0.882,0.883,0.884,0.885,0.885,0.886,0.887,0.888,0.889,0.890,0.891,
0.891,0.892,0.893,0.894,0.895,0.896,0.896,0.897,0.898,0.899,0.900,0.901,0.901,0.902,0.903,0.904,0.905,0.906,0.906,0.907,
0.908,0.909,0.910,0.911,0.911,0.912,0.913,0.914,0.915,0.916,0.916,0.917,0.918,0.919,0.920,0.921,0.921,0.922,0.923,0.924,
0.925,0.926,0.926,0.927,0.928,0.929,0.930,0.931,0.931,0.932,0.933,0.934,0.935,0.936,0.936,0.937,0.938,0.939,0.940,0.941,
0.941,0.942,0.943,0.944,0.945,0.946,0.946,0.947,0.948,0.949,0.950,0.951,0.951,0.952,0.953,0.954,0.955,0.956,0.956,0.957,
0.958,0.959,0.960,0.960,0.961,0.962,0.963,0.964,0.965,0.965,0.966,0.967,0.968,0.969,0.969,0.970,0.971,0.972,0.973,0.974,
0.974,0.975,0.976,0.977,0.978,0.978,0.979,0.980,0.981,0.982,0.982,0.983,0.984,0.985,0.986,0.986,0.987,0.988,0.989,0.990,
0.990,0.991,0.992,0.993,0.994,0.994,0.995,0.996,0.997,0.998,0.998,0.999,1.000,


29mA

0.998,0.963,0.904,0.858,0.828,0.807,0.790,0.777,0.768,0.762,0.759,0.757,0.754,0.752,0.754,0.751,0.752,0.753,0.754,0.754,
0.755,0.756,0.756,0.757,0.758,0.758,0.759,0.760,0.760,0.761,0.762,0.763,0.763,0.764,0.765,0.765,0.766,0.767,0.767,0.768,
0.769,0.770,0.770,0.771,0.772,0.772,0.773,0.774,0.775,0.775,0.776,0.777,0.777,0.778,0.779,0.780,0.780,0.781,0.782,0.782,
0.783,0.784,0.785,0.785,0.786,0.787,0.788,0.788,0.789,0.790,0.791,0.791,0.792,0.793,0.794,0.794,0.795,0.796,0.796,0.797,
0.798,0.799,0.799,0.800,0.801,0.802,0.802,0.803,0.804,0.805,0.806,0.806,0.807,0.808,0.809,0.809,0.810,0.811,0.812,0.812,
0.813,0.814,0.815,0.815,0.816,0.817,0.818,0.818,0.819,0.820,0.821,0.822,0.822,0.823,0.824,0.825,0.825,0.826,0.827,0.828,
0.829,0.829,0.830,0.831,0.832,0.832,0.833,0.834,0.835,0.836,0.836,0.837,0.838,0.839,0.840,0.840,0.841,0.842,0.843,0.844,
0.844,0.845,0.846,0.847,0.847,0.848,0.849,0.850,0.851,0.851,0.852,0.853,0.854,0.855,0.855,0.856,0.857,0.858,0.859,0.859,
0.860,0.861,0.862,0.863,0.863,0.864,0.865,0.866,0.867,0.868,0.868,0.869,0.870,0.871,0.872,0.872,0.873,0.874,0.875,0.876,
0.876,0.877,0.878,0.879,0.880,0.880,0.881,0.882,0.883,0.884,0.885,0.885,0.886,0.887,0.888,0.889,0.889,0.890,0.891,0.892,
0.893,0.893,0.894,0.895,0.896,0.897,0.898,0.898,0.899,0.900,0.901,0.902,0.902,0.903,0.904,0.905,0.906,0.907,0.907,0.908,
0.909,0.910,0.911,0.911,0.912,0.913,0.914,0.915,0.916,0.916,0.917,0.918,0.919,0.920,0.921,0.921,0.922,0.923,0.924,0.925,
0.925,0.926,0.927,0.928,0.929,0.930,0.930,0.931,0.932,0.933,0.934,0.934,0.935,0.936,0.937,0.938,0.939,0.939,0.940,0.941,
0.942,0.943,0.943,0.944,0.945,0.946,0.947,0.948,0.948,0.949,0.950,0.951,0.952,0.952,0.953,0.954,0.955,0.956,0.957,0.957,
0.958,0.959,0.960,0.961,0.961,0.962,0.963,0.964,0.965,0.965,0.966,0.967,0.968,0.969,0.970,0.970,0.971,0.972,0.973,0.974,
0.974,0.975,0.976,0.977,0.978,0.978,0.979,0.980,0.981,0.982,0.982,0.983,0.984,0.985,0.986,0.986,0.987,0.988,0.989,0.990,
0.990,0.991,0.992,0.993,0.994,0.994,0.995,0.996,0.997,0.998,0.998,0.999,1.000,

28mA

1.000,0.966,0.907,0.863,0.834,0.812,0.795,0.782,0.774,0.769,0.764,0.760,0.759,0.758,0.756,0.757,0.758,0.758,0.759,0.760,
0.761,0.761,0.762,0.763,0.763,0.764,0.765,0.765,0.766,0.767,0.768,0.768,0.769,0.770,0.770,0.771,0.772,0.773,0.773,0.774,
0.775,0.775,0.776,0.777,0.778,0.778,0.779,0.780,0.780,0.781,0.782,0.783,0.783,0.784,0.785,0.786,0.786,0.787,0.788,0.788,
0.789,0.790,0.791,0.791,0.792,0.793,0.794,0.794,0.795,0.796,0.796,0.797,0.798,0.799,0.799,0.800,0.801,0.802,0.802,0.803,
0.804,0.805,0.805,0.806,0.807,0.808,0.808,0.809,0.810,0.810,0.811,0.812,0.813,0.813,0.814,0.815,0.816,0.816,0.817,0.818,
0.819,0.819,0.820,0.821,0.822,0.822,0.823,0.824,0.825,0.825,0.826,0.827,0.828,0.828,0.829,0.830,0.831,0.831,0.832,0.833,
0.834,0.834,0.835,0.836,0.837,0.838,0.838,0.839,0.840,0.841,0.841,0.842,0.843,0.844,0.844,0.845,0.846,0.847,0.847,0.848,
0.849,0.850,0.850,0.851,0.852,0.853,0.853,0.854,0.855,0.856,0.857,0.857,0.858,0.859,0.860,0.860,0.861,0.862,0.863,0.863,
0.864,0.865,0.866,0.867,0.867,0.868,0.869,0.870,0.870,0.871,0.872,0.873,0.874,0.874,0.875,0.876,0.877,0.877,0.878,0.879,
0.880,0.880,0.881,0.882,0.883,0.884,0.884,0.885,0.886,0.887,0.887,0.888,0.889,0.890,0.891,0.891,0.892,0.893,0.894,0.895,
0.895,0.896,0.897,0.898,0.898,0.899,0.900,0.901,0.902,0.902,0.903,0.904,0.905,0.905,0.906,0.907,0.908,0.909,0.909,0.910,
0.911,0.912,0.913,0.913,0.914,0.915,0.916,0.916,0.917,0.918,0.919,0.920,0.920,0.921,0.922,0.923,0.924,0.924,0.925,0.926,
0.927,0.928,0.928,0.929,0.930,0.931,0.931,0.932,0.933,0.934,0.935,0.935,0.936,0.937,0.938,0.939,0.939,0.940,0.941,0.942,
0.943,0.943,0.944,0.945,0.946,0.947,0.947,0.948,0.949,0.950,0.950,0.951,0.952,0.953,0.954,0.954,0.955,0.956,0.957,0.958,
0.958,0.959,0.960,0.961,0.962,0.962,0.963,0.964,0.965,0.966,0.966,0.967,0.968,0.969,0.970,0.970,0.971,0.972,0.973,0.974,
0.974,0.975,0.976,0.977,0.977,0.978,0.979,0.980,0.981,0.981,0.982,0.983,0.984,0.985,0.985,0.986,0.987,0.988,0.989,0.989,
0.990,0.991,0.992,0.993,0.993,0.994,0.995,0.996,0.997,0.997,0.998,0.999,1.000,

27mA

0.999,0.965,0.909,0.866,0.838,0.818,0.802,0.789,0.781,0.776,0.773,0.770,0.767,0.766,0.766,0.765,0.766,0.767,0.767,0.768,
0.769,0.769,0.770,0.771,0.771,0.772,0.773,0.773,0.774,0.774,0.775,0.776,0.776,0.777,0.778,0.778,0.779,0.780,0.780,0.781,
0.782,0.782,0.783,0.784,0.784,0.785,0.786,0.786,0.787,0.788,0.788,0.789,0.790,0.790,0.791,0.792,0.792,0.793,0.794,0.794,
0.795,0.796,0.796,0.797,0.798,0.799,0.799,0.800,0.801,0.801,0.802,0.803,0.803,0.804,0.805,0.805,0.806,0.807,0.807,0.808,
0.809,0.810,0.810,0.811,0.812,0.812,0.813,0.814,0.814,0.815,0.816,0.817,0.817,0.818,0.819,0.819,0.820,0.821,0.821,0.822,
0.823,0.824,0.824,0.825,0.826,0.826,0.827,0.828,0.829,0.829,0.830,0.831,0.831,0.832,0.833,0.834,0.834,0.835,0.836,0.836,
0.837,0.838,0.839,0.839,0.840,0.841,0.842,0.842,0.843,0.844,0.844,0.845,0.846,0.847,0.847,0.848,0.849,0.850,0.850,0.851,
0.852,0.853,0.853,0.854,0.855,0.855,0.856,0.857,0.858,0.858,0.859,0.860,0.861,0.861,0.862,0.863,0.864,0.864,0.865,0.866,
0.867,0.867,0.868,0.869,0.870,0.870,0.871,0.872,0.873,0.873,0.874,0.875,0.876,0.876,0.877,0.878,0.879,0.879,0.880,0.881,
0.882,0.882,0.883,0.884,0.885,0.885,0.886,0.887,0.888,0.888,0.889,0.890,0.891,0.892,0.892,0.893,0.894,0.895,0.895,0.896,
0.897,0.898,0.898,0.899,0.900,0.901,0.901,0.902,0.903,0.904,0.905,0.905,0.906,0.907,0.908,0.908,0.909,0.910,0.911,0.911,
0.912,0.913,0.914,0.915,0.915,0.916,0.917,0.918,0.918,0.919,0.920,0.921,0.922,0.922,0.923,0.924,0.925,0.925,0.926,0.927,
0.928,0.928,0.929,0.930,0.931,0.932,0.932,0.933,0.934,0.935,0.936,0.936,0.937,0.938,0.939,0.939,0.940,0.941,0.942,0.943,
0.943,0.944,0.945,0.946,0.946,0.947,0.948,0.949,0.950,0.950,0.951,0.952,0.953,0.954,0.954,0.955,0.956,0.957,0.957,0.958,
0.959,0.960,0.961,0.961,0.962,0.963,0.964,0.965,0.965,0.966,0.967,0.968,0.968,0.969,0.970,0.971,0.972,0.972,0.973,0.974,
0.975,0.976,0.976,0.977,0.978,0.979,0.979,0.980,0.981,0.982,0.983,0.983,0.984,0.985,0.986,0.987,0.987,0.988,0.989,0.990,
0.991,0.991,0.992,0.993,0.994,0.994,0.995,0.996,0.997,0.998,0.998,0.999,1.000,

26mA

1.000,0.968,0.914,0.871,0.843,0.823,0.808,0.796,0.787,0.782,0.779,0.776,0.774,0.773,0.774,0.771,0.772,0.773,0.773,0.774,
0.774,0.775,0.776,0.776,0.777,0.778,0.778,0.779,0.780,0.780,0.781,0.781,0.782,0.783,0.783,0.784,0.785,0.785,0.786,0.787,
0.787,0.788,0.789,0.789,0.790,0.791,0.791,0.792,0.792,0.793,0.794,0.794,0.795,0.796,0.796,0.797,0.798,0.798,0.799,0.800,
0.800,0.801,0.802,0.802,0.803,0.804,0.804,0.805,0.806,0.806,0.807,0.808,0.808,0.809,0.810,0.810,0.811,0.812,0.812,0.813,
0.814,0.815,0.815,0.816,0.817,0.817,0.818,0.819,0.819,0.820,0.821,0.821,0.822,0.823,0.823,0.824,0.825,0.825,0.826,0.827,
0.828,0.828,0.829,0.830,0.830,0.831,0.832,0.832,0.833,0.834,0.834,0.835,0.836,0.837,0.837,0.838,0.839,0.839,0.840,0.841,
0.841,0.842,0.843,0.844,0.844,0.845,0.846,0.846,0.847,0.848,0.848,0.849,0.850,0.851,0.851,0.852,0.853,0.853,0.854,0.855,
0.856,0.856,0.857,0.858,0.858,0.859,0.860,0.861,0.861,0.862,0.863,0.863,0.864,0.865,0.866,0.866,0.867,0.868,0.868,0.869,
0.870,0.871,0.871,0.872,0.873,0.873,0.874,0.875,0.876,0.876,0.877,0.878,0.879,0.879,0.880,0.881,0.881,0.882,0.883,0.884,
0.884,0.885,0.886,0.887,0.887,0.888,0.889,0.889,0.890,0.891,0.892,0.892,0.893,0.894,0.895,0.895,0.896,0.897,0.898,0.898,
0.899,0.900,0.900,0.901,0.902,0.903,0.903,0.904,0.905,0.906,0.906,0.907,0.908,0.909,0.909,0.910,0.911,0.912,0.912,0.913,
0.914,0.915,0.915,0.916,0.917,0.918,0.918,0.919,0.920,0.920,0.921,0.922,0.923,0.923,0.924,0.925,0.926,0.926,0.927,0.928,
0.929,0.929,0.930,0.931,0.932,0.932,0.933,0.934,0.935,0.935,0.936,0.937,0.938,0.938,0.939,0.940,0.941,0.941,0.942,0.943,
0.944,0.944,0.945,0.946,0.947,0.947,0.948,0.949,0.950,0.950,0.951,0.952,0.953,0.954,0.954,0.955,0.956,0.957,0.957,0.958,
0.959,0.960,0.960,0.961,0.962,0.963,0.963,0.964,0.965,0.966,0.966,0.967,0.968,0.969,0.969,0.970,0.971,0.972,0.972,0.973,
0.974,0.975,0.975,0.976,0.977,0.978,0.979,0.979,0.980,0.981,0.982,0.982,0.983,0.984,0.985,0.985,0.986,0.987,0.988,0.988,
0.989,0.990,0.991,0.991,0.992,0.993,0.994,0.994,0.995,0.996,0.997,0.998,0.998,

25mA

1.000,0.965,0.916,0.875,0.846,0.826,0.812,0.802,0.793,0.788,0.785,0.783,0.782,0.781,0.778,0.777,0.777,0.773,0.780,0.781,
0.781,0.782,0.782,0.783,0.784,0.784,0.785,0.786,0.786,0.787,0.788,0.788,0.789,0.789,0.790,0.791,0.791,0.792,0.793,0.793,
0.794,0.795,0.795,0.796,0.797,0.797,0.798,0.798,0.799,0.800,0.800,0.801,0.802,0.802,0.803,0.804,0.804,0.805,0.806,0.806,
0.807,0.808,0.808,0.809,0.810,0.810,0.811,0.811,0.812,0.813,0.813,0.814,0.815,0.815,0.816,0.817,0.817,0.818,0.819,0.819,
0.820,0.821,0.821,0.822,0.823,0.823,0.824,0.825,0.825,0.826,0.827,0.827,0.828,0.829,0.829,0.830,0.831,0.831,0.832,0.832,
0.833,0.834,0.834,0.835,0.836,0.836,0.837,0.838,0.838,0.839,0.840,0.840,0.841,0.842,0.842,0.843,0.844,0.844,0.845,0.846,
0.846,0.847,0.848,0.849,0.849,0.850,0.851,0.851,0.852,0.853,0.853,0.854,0.855,0.855,0.856,0.857,0.857,0.858,0.859,0.859,
0.860,0.861,0.861,0.862,0.863,0.863,0.864,0.865,0.865,0.866,0.867,0.867,0.868,0.869,0.870,0.870,0.871,0.872,0.872,0.873,
0.874,0.874,0.875,0.876,0.876,0.877,0.878,0.878,0.879,0.880,0.881,0.881,0.882,0.883,0.883,0.884,0.885,0.885,0.886,0.887,
0.888,0.888,0.889,0.890,0.890,0.891,0.892,0.892,0.893,0.894,0.895,0.895,0.896,0.897,0.897,0.898,0.899,0.899,0.900,0.901,
0.902,0.902,0.903,0.904,0.904,0.905,0.906,0.907,0.907,0.908,0.909,0.909,0.910,0.911,0.911,0.912,0.913,0.914,0.914,0.915,
0.916,0.916,0.917,0.918,0.919,0.919,0.920,0.921,0.922,0.922,0.923,0.924,0.924,0.925,0.926,0.927,0.927,0.928,0.929,0.929,
0.930,0.931,0.932,0.932,0.933,0.934,0.935,0.935,0.936,0.937,0.937,0.938,0.939,0.940,0.940,0.941,0.942,0.943,0.943,0.944,
0.945,0.946,0.946,0.947,0.948,0.949,0.949,0.950,0.951,0.952,0.952,0.953,0.954,0.954,0.955,0.956,0.957,0.957,0.958,0.959,
0.960,0.960,0.961,0.962,0.963,0.963,0.964,0.965,0.966,0.966,0.967,0.968,0.969,0.970,0.970,0.971,0.972,0.973,0.973,0.974,
0.975,0.976,0.976,0.977,0.978,0.979,0.979,0.980,0.981,0.982,0.982,0.983,0.984,0.985,0.986,0.986,0.987,0.988,0.989,0.989,
0.990,0.991,0.992,0.992,0.993,0.994,0.995,0.996,0.996,0.997,0.998,0.999,0.999,

24mA

1.000,0.969,0.918,0.880,0.854,0.834,0.820,0.810,0.803,0.798,0.793,0.791,0.788,0.786,0.786,0.787,0.787,0.788,0.788,0.789,
0.790,0.790,0.791,0.791,0.792,0.793,0.793,0.794,0.794,0.795,0.796,0.796,0.797,0.797,0.798,0.799,0.799,0.800,0.800,0.801,
0.802,0.802,0.803,0.803,0.804,0.805,0.805,0.806,0.806,0.807,0.808,0.808,0.809,0.809,0.810,0.811,0.811,0.812,0.813,0.813,
0.814,0.814,0.815,0.816,0.816,0.817,0.817,0.818,0.819,0.819,0.820,0.821,0.821,0.822,0.822,0.823,0.824,0.824,0.825,0.825,
0.826,0.827,0.827,0.828,0.829,0.829,0.830,0.830,0.831,0.832,0.832,0.833,0.834,0.834,0.835,0.835,0.836,0.837,0.837,0.838,
0.839,0.839,0.840,0.841,0.841,0.842,0.842,0.843,0.844,0.844,0.845,0.846,0.846,0.847,0.848,0.848,0.849,0.849,0.850,0.851,
0.851,0.852,0.853,0.853,0.854,0.855,0.855,0.856,0.857,0.857,0.858,0.859,0.859,0.860,0.860,0.861,0.862,0.862,0.863,0.864,
0.864,0.865,0.866,0.866,0.867,0.868,0.868,0.869,0.870,0.870,0.871,0.872,0.872,0.873,0.874,0.874,0.875,0.876,0.876,0.877,
0.878,0.878,0.879,0.880,0.880,0.881,0.882,0.882,0.883,0.884,0.884,0.885,0.886,0.886,0.887,0.888,0.888,0.889,0.890,0.890,
0.891,0.892,0.892,0.893,0.894,0.894,0.895,0.896,0.896,0.897,0.898,0.898,0.899,0.900,0.901,0.901,0.902,0.903,0.903,0.904,
0.905,0.905,0.906,0.907,0.907,0.908,0.909,0.909,0.910,0.911,0.912,0.912,0.913,0.914,0.914,0.915,0.916,0.916,0.917,0.918,
0.918,0.919,0.920,0.921,0.921,0.922,0.923,0.923,0.924,0.925,0.925,0.926,0.927,0.928,0.928,0.929,0.930,0.930,0.931,0.932,
0.933,0.933,0.934,0.935,0.935,0.936,0.937,0.938,0.938,0.939,0.940,0.940,0.941,0.942,0.943,0.943,0.944,0.945,0.945,0.946,
0.947,0.948,0.948,0.949,0.950,0.950,0.951,0.952,0.953,0.953,0.954,0.955,0.955,0.956,0.957,0.958,0.958,0.959,0.960,0.961,
0.961,0.962,0.963,0.963,0.964,0.965,0.966,0.966,0.967,0.968,0.969,0.969,0.970,0.971,0.972,0.972,0.973,0.974,0.975,0.975,
0.976,0.977,0.977,0.978,0.979,0.980,0.980,0.981,0.982,0.983,0.983,0.984,0.985,0.986,0.986,0.987,0.988,0.989,0.989,0.990,
0.991,0.992,0.992,0.993,0.994,0.995,0.995,0.996,0.997,0.998,0.998,0.999,1.000,

23mA

1.000,0.969,0.923,0.884,0.858,0.840,0.827,0.817,0.809,0.803,0.800,0.799,0.798,0.796,0.794,0.794,0.796,0.794,0.795,0.795,
0.796,0.796,0.797,0.798,0.798,0.799,0.799,0.800,0.800,0.801,0.801,0.802,0.803,0.803,0.804,0.804,0.805,0.805,0.806,0.807,
0.807,0.808,0.808,0.809,0.809,0.810,0.810,0.811,0.812,0.812,0.813,0.813,0.814,0.814,0.815,0.816,0.816,0.817,0.817,0.818,
0.819,0.819,0.820,0.820,0.821,0.821,0.822,0.823,0.823,0.824,0.824,0.825,0.826,0.826,0.827,0.827,0.828,0.828,0.829,0.830,
0.830,0.831,0.831,0.832,0.833,0.833,0.834,0.834,0.835,0.836,0.836,0.837,0.837,0.838,0.839,0.839,0.840,0.840,0.841,0.842,
0.842,0.843,0.843,0.844,0.845,0.845,0.846,0.846,0.847,0.848,0.848,0.849,0.849,0.850,0.851,0.851,0.852,0.852,0.853,0.854,
0.854,0.855,0.856,0.856,0.857,0.857,0.858,0.859,0.859,0.860,0.860,0.861,0.862,0.862,0.863,0.864,0.864,0.865,0.865,0.866,
0.867,0.867,0.868,0.869,0.869,0.870,0.870,0.871,0.872,0.872,0.873,0.874,0.874,0.875,0.875,0.876,0.877,0.877,0.878,0.879,
0.879,0.880,0.881,0.881,0.882,0.882,0.883,0.884,0.884,0.885,0.886,0.886,0.887,0.888,0.888,0.889,0.890,0.890,0.891,0.892,
0.892,0.893,0.893,0.894,0.895,0.895,0.896,0.897,0.897,0.898,0.899,0.899,0.900,0.901,0.901,0.902,0.903,0.903,0.904,0.905,
0.905,0.906,0.907,0.907,0.908,0.909,0.909,0.910,0.911,0.911,0.912,0.913,0.913,0.914,0.915,0.915,0.916,0.917,0.917,0.918,
0.919,0.919,0.920,0.921,0.921,0.922,0.923,0.923,0.924,0.925,0.925,0.926,0.927,0.927,0.928,0.929,0.929,0.930,0.931,0.932,
0.932,0.933,0.934,0.934,0.935,0.936,0.936,0.937,0.938,0.938,0.939,0.940,0.940,0.941,0.942,0.943,0.943,0.944,0.945,0.945,
0.946,0.947,0.947,0.948,0.949,0.949,0.950,0.951,0.952,0.952,0.953,0.954,0.954,0.955,0.956,0.957,0.957,0.958,0.959,0.959,
0.960,0.961,0.961,0.962,0.963,0.964,0.964,0.965,0.966,0.966,0.967,0.968,0.969,0.969,0.970,0.971,0.971,0.972,0.973,0.974,
0.974,0.975,0.976,0.977,0.977,0.978,0.979,0.979,0.980,0.981,0.982,0.982,0.983,0.984,0.985,0.985,0.986,0.987,0.987,0.988,
0.989,0.990,0.990,0.991,0.992,0.993,0.993,0.994,0.995,0.996,0.996,0.997,0.998,

22mA

1.000,0.968,0.923,0.886,0.861,0.844,0.831,0.821,0.813,0.808,0.805,0.804,0.801,0.799,0.800,0.800,0.801,0.802,0.802,0.803,
0.803,0.804,0.804,0.805,0.805,0.806,0.806,0.807,0.808,0.808,0.809,0.809,0.810,0.810,0.811,0.811,0.812,0.813,0.813,0.814,
0.814,0.815,0.815,0.816,0.816,0.817,0.817,0.818,0.819,0.819,0.820,0.820,0.821,0.821,0.822,0.822,0.823,0.824,0.824,0.825,
0.825,0.826,0.826,0.827,0.828,0.828,0.829,0.829,0.830,0.830,0.831,0.831,0.832,0.833,0.833,0.834,0.834,0.835,0.835,0.836,
0.837,0.837,0.838,0.838,0.839,0.839,0.840,0.841,0.841,0.842,0.842,0.843,0.843,0.844,0.845,0.845,0.846,0.846,0.847,0.847,
0.848,0.849,0.849,0.850,0.850,0.851,0.851,0.852,0.853,0.853,0.854,0.854,0.855,0.856,0.856,0.857,0.857,0.858,0.858,0.859,
0.860,0.860,0.861,0.861,0.862,0.863,0.863,0.864,0.864,0.865,0.866,0.866,0.867,0.867,0.868,0.868,0.869,0.870,0.870,0.871,
0.871,0.872,0.873,0.873,0.874,0.874,0.875,0.876,0.876,0.877,0.877,0.878,0.879,0.879,0.880,0.880,0.881,0.882,0.882,0.883,
0.883,0.884,0.885,0.885,0.886,0.887,0.887,0.888,0.888,0.889,0.890,0.890,0.891,0.891,0.892,0.893,0.893,0.894,0.895,0.895,
0.896,0.896,0.897,0.898,0.898,0.899,0.899,0.900,0.901,0.901,0.902,0.903,0.903,0.904,0.904,0.905,0.906,0.906,0.907,0.908,
0.908,0.909,0.910,0.910,0.911,0.911,0.912,0.913,0.913,0.914,0.915,0.915,0.916,0.917,0.917,0.918,0.918,0.919,0.920,0.920,
0.921,0.922,0.922,0.923,0.924,0.924,0.925,0.926,0.926,0.927,0.928,0.928,0.929,0.929,0.930,0.931,0.931,0.932,0.933,0.933,
0.934,0.935,0.935,0.936,0.937,0.937,0.938,0.939,0.939,0.940,0.941,0.941,0.942,0.943,0.943,0.944,0.945,0.945,0.946,0.947,
0.947,0.948,0.949,0.949,0.950,0.951,0.951,0.952,0.953,0.954,0.954,0.955,0.956,0.956,0.957,0.958,0.958,0.959,0.960,0.960,
0.961,0.962,0.962,0.963,0.964,0.965,0.965,0.966,0.967,0.967,0.968,0.969,0.969,0.970,0.971,0.971,0.972,0.973,0.974,0.974,
0.975,0.976,0.976,0.977,0.978,0.979,0.979,0.980,0.981,0.981,0.982,0.983,0.984,0.984,0.985,0.986,0.986,0.987,0.988,0.989,
0.989,0.990,0.991,0.991,0.992,0.993,0.994,0.994,0.995,0.996,0.997,0.997,0.998,

21mA

1.000,0.964,0.924,0.890,0.864,0.846,0.834,0.827,0.821,0.817,0.813,0.810,0.808,0.808,0.808,0.809,0.809,0.809,0.809,0.810,
0.810,0.811,0.811,0.812,0.812,0.813,0.813,0.814,0.814,0.815,0.815,0.816,0.816,0.817,0.817,0.818,0.818,0.819,0.819,0.820,
0.820,0.821,0.821,0.822,0.822,0.823,0.823,0.824,0.824,0.825,0.825,0.826,0.826,0.827,0.827,0.828,0.828,0.829,0.829,0.830,
0.830,0.831,0.831,0.832,0.832,0.833,0.833,0.834,0.834,0.835,0.835,0.836,0.836,0.837,0.837,0.838,0.838,0.839,0.839,0.840,
0.840,0.841,0.842,0.842,0.843,0.843,0.844,0.844,0.845,0.845,0.846,0.846,0.847,0.847,0.848,0.849,0.849,0.850,0.850,0.851,
0.851,0.852,0.852,0.853,0.853,0.854,0.855,0.855,0.856,0.856,0.857,0.857,0.858,0.858,0.859,0.859,0.860,0.861,0.861,0.862,
0.862,0.863,0.863,0.864,0.865,0.865,0.866,0.866,0.867,0.867,0.868,0.869,0.869,0.870,0.870,0.871,0.871,0.872,0.873,0.873,
0.874,0.874,0.875,0.875,0.876,0.877,0.877,0.878,0.878,0.879,0.879,0.880,0.881,0.881,0.882,0.882,0.883,0.884,0.884,0.885,
0.885,0.886,0.886,0.887,0.888,0.888,0.889,0.889,0.890,0.891,0.891,0.892,0.892,0.893,0.894,0.894,0.895,0.895,0.896,0.897,
0.897,0.898,0.898,0.899,0.900,0.900,0.901,0.901,0.902,0.903,0.903,0.904,0.904,0.905,0.906,0.906,0.907,0.908,0.908,0.909,
0.909,0.910,0.911,0.911,0.912,0.912,0.913,0.914,0.914,0.915,0.916,0.916,0.917,0.917,0.918,0.919,0.919,0.920,0.920,0.921,
0.922,0.922,0.923,0.924,0.924,0.925,0.925,0.926,0.927,0.927,0.928,0.929,0.929,0.930,0.931,0.931,0.932,0.932,0.933,0.934,
0.934,0.935,0.936,0.936,0.937,0.937,0.938,0.939,0.939,0.940,0.941,0.941,0.942,0.943,0.943,0.944,0.945,0.945,0.946,0.946,
0.947,0.948,0.948,0.949,0.950,0.950,0.951,0.952,0.952,0.953,0.954,0.954,0.955,0.955,0.956,0.957,0.957,0.958,0.959,0.959,
0.960,0.961,0.961,0.962,0.963,0.963,0.964,0.965,0.965,0.966,0.967,0.967,0.968,0.968,0.969,0.970,0.970,0.971,0.972,0.972,
0.973,0.974,0.974,0.975,0.976,0.976,0.977,0.978,0.978,0.979,0.980,0.980,0.981,0.982,0.982,0.983,0.984,0.984,0.985,0.986,
0.986,0.987,0.988,0.988,0.989,0.990,0.990,0.991,0.992,0.992,0.993,0.994,0.994,

20mA

1.000,0.970,0.930,0.895,0.871,0.856,0.845,0.836,0.829,0.824,0.820,0.819,0.818,0.817,0.815,0.817,0.816,0.817,0.817,0.818,
0.818,0.819,0.819,0.820,0.820,0.821,0.821,0.822,0.822,0.823,0.823,0.824,0.824,0.825,0.825,0.826,0.826,0.827,0.827,0.828,
0.829,0.829,0.830,0.830,0.831,0.831,0.832,0.832,0.833,0.833,0.834,0.834,0.835,0.835,0.836,0.836,0.837,0.837,0.838,0.838,
0.839,0.839,0.840,0.840,0.841,0.842,0.842,0.843,0.843,0.844,0.844,0.845,0.845,0.846,0.846,0.847,0.847,0.848,0.848,0.849,
0.849,0.850,0.850,0.851,0.852,0.852,0.853,0.853,0.854,0.854,0.855,0.855,0.856,0.856,0.857,0.857,0.858,0.858,0.859,0.859,
0.860,0.861,0.861,0.862,0.862,0.863,0.863,0.864,0.864,0.865,0.865,0.866,0.866,0.867,0.868,0.868,0.869,0.869,0.870,0.870,
0.871,0.871,0.872,0.872,0.873,0.873,0.874,0.875,0.875,0.876,0.876,0.877,0.877,0.878,0.878,0.879,0.879,0.880,0.881,0.881,
0.882,0.882,0.883,0.883,0.884,0.884,0.885,0.885,0.886,0.887,0.887,0.888,0.888,0.889,0.889,0.890,0.890,0.891,0.892,0.892,
0.893,0.893,0.894,0.894,0.895,0.895,0.896,0.897,0.897,0.898,0.898,0.899,0.899,0.900,0.900,0.901,0.902,0.902,0.903,0.903,
0.904,0.904,0.905,0.906,0.906,0.907,0.907,0.908,0.908,0.909,0.910,0.910,0.911,0.911,0.912,0.912,0.913,0.914,0.914,0.915,
0.915,0.916,0.916,0.917,0.918,0.918,0.919,0.919,0.920,0.920,0.921,0.922,0.922,0.923,0.923,0.924,0.925,0.925,0.926,0.926,
0.927,0.928,0.928,0.929,0.929,0.930,0.930,0.931,0.932,0.932,0.933,0.933,0.934,0.935,0.935,0.936,0.936,0.937,0.938,0.938,
0.939,0.939,0.940,0.941,0.941,0.942,0.942,0.943,0.944,0.944,0.945,0.946,0.946,0.947,0.947,0.948,0.949,0.949,0.950,0.950,
0.951,0.952,0.952,0.953,0.953,0.954,0.955,0.955,0.956,0.957,0.957,0.958,0.958,0.959,0.960,0.960,0.961,0.962,0.962,0.963,
0.963,0.964,0.965,0.965,0.966,0.967,0.967,0.968,0.969,0.969,0.970,0.970,0.971,0.972,0.972,0.973,0.974,0.974,0.975,0.976,
0.976,0.977,0.978,0.978,0.979,0.980,0.980,0.981,0.981,0.982,0.983,0.983,0.984,0.985,0.985,0.986,0.987,0.987,0.988,0.989,
0.989,0.990,0.991,0.991,0.992,0.993,0.993,0.994,0.995,0.995,0.996,0.997,0.997,

19mA

1.000,0.971,0.932,0.899,0.876,0.861,0.851,0.842,0.835,0.830,0.827,0.826,0.825,0.824,0.822,0.822,0.823,0.823,0.824,0.824,
0.825,0.825,0.826,0.826,0.827,0.827,0.828,0.828,0.829,0.829,0.830,0.830,0.831,0.831,0.832,0.832,0.833,0.833,0.834,0.834,
0.835,0.835,0.836,0.836,0.837,0.837,0.838,0.838,0.839,0.839,0.840,0.840,0.841,0.841,0.842,0.842,0.843,0.843,0.844,0.844,
0.845,0.845,0.846,0.846,0.847,0.847,0.848,0.848,0.849,0.849,0.850,0.850,0.851,0.851,0.852,0.852,0.853,0.853,0.854,0.854,
0.855,0.855,0.856,0.856,0.857,0.857,0.858,0.858,0.859,0.859,0.860,0.860,0.861,0.861,0.862,0.862,0.863,0.863,0.864,0.864,
0.865,0.865,0.866,0.866,0.867,0.867,0.868,0.868,0.869,0.869,0.870,0.870,0.871,0.871,0.872,0.872,0.873,0.873,0.874,0.874,
0.875,0.875,0.876,0.876,0.877,0.878,0.878,0.879,0.879,0.880,0.880,0.881,0.881,0.882,0.882,0.883,0.883,0.884,0.884,0.885,
0.885,0.886,0.886,0.887,0.887,0.888,0.888,0.889,0.890,0.890,0.891,0.891,0.892,0.892,0.893,0.893,0.894,0.894,0.895,0.895,
0.896,0.896,0.897,0.897,0.898,0.899,0.899,0.900,0.900,0.901,0.901,0.902,0.902,0.903,0.903,0.904,0.904,0.905,0.905,0.906,
0.907,0.907,0.908,0.908,0.909,0.909,0.910,0.910,0.911,0.911,0.912,0.913,0.913,0.914,0.914,0.915,0.915,0.916,0.916,0.917,
0.917,0.918,0.919,0.919,0.920,0.920,0.921,0.921,0.922,0.922,0.923,0.924,0.924,0.925,0.925,0.926,0.926,0.927,0.927,0.928,
0.929,0.929,0.930,0.930,0.931,0.931,0.932,0.933,0.933,0.934,0.934,0.935,0.935,0.936,0.936,0.937,0.938,0.938,0.939,0.939,
0.940,0.940,0.941,0.942,0.942,0.943,0.943,0.944,0.945,0.945,0.946,0.946,0.947,0.947,0.948,0.949,0.949,0.950,0.950,0.951,
0.952,0.952,0.953,0.953,0.954,0.954,0.955,0.956,0.956,0.957,0.957,0.958,0.959,0.959,0.960,0.960,0.961,0.962,0.962,0.963,
0.963,0.964,0.965,0.965,0.966,0.966,0.967,0.968,0.968,0.969,0.969,0.970,0.971,0.971,0.972,0.972,0.973,0.974,0.974,0.975,
0.976,0.976,0.977,0.977,0.978,0.979,0.979,0.980,0.980,0.981,0.982,0.982,0.983,0.984,0.984,0.985,0.985,0.986,0.987,0.987,
0.988,0.989,0.989,0.990,0.990,0.991,0.992,0.992,0.993,0.994,0.994,0.995,0.996,

18mA

1.000,0.973,0.936,0.904,0.883,0.869,0.859,0.851,0.844,0.840,0.837,0.837,0.835,0.833,0.834,0.833,0.834,0.834,0.834,0.835,
0.835,0.836,0.836,0.837,0.837,0.838,0.838,0.838,0.839,0.839,0.840,0.840,0.841,0.841,0.841,0.842,0.842,0.843,0.843,0.844,
0.844,0.845,0.845,0.845,0.846,0.846,0.847,0.847,0.848,0.848,0.849,0.849,0.850,0.850,0.850,0.851,0.851,0.852,0.852,0.853,
0.853,0.854,0.854,0.854,0.855,0.855,0.856,0.856,0.857,0.857,0.858,0.858,0.859,0.859,0.859,0.860,0.860,0.861,0.861,0.862,
0.862,0.863,0.863,0.864,0.864,0.865,0.865,0.865,0.866,0.866,0.867,0.867,0.868,0.868,0.869,0.869,0.870,0.870,0.871,0.871,
0.872,0.872,0.872,0.873,0.873,0.874,0.874,0.875,0.875,0.876,0.876,0.877,0.877,0.878,0.878,0.879,0.879,0.880,0.880,0.881,
0.881,0.882,0.882,0.882,0.883,0.883,0.884,0.884,0.885,0.885,0.886,0.886,0.887,0.887,0.888,0.888,0.889,0.889,0.890,0.890,
0.891,0.891,0.892,0.892,0.893,0.893,0.894,0.894,0.895,0.895,0.896,0.896,0.897,0.897,0.898,0.898,0.899,0.899,0.900,0.900,
0.901,0.901,0.902,0.902,0.903,0.903,0.904,0.904,0.905,0.905,0.906,0.906,0.907,0.907,0.908,0.908,0.909,0.909,0.910,0.910,
0.911,0.911,0.912,0.912,0.913,0.913,0.914,0.915,0.915,0.916,0.916,0.917,0.917,0.918,0.918,0.919,0.919,0.920,0.920,0.921,
0.921,0.922,0.922,0.923,0.923,0.924,0.925,0.925,0.926,0.926,0.927,0.927,0.928,0.928,0.929,0.929,0.930,0.930,0.931,0.932,
0.932,0.933,0.933,0.934,0.934,0.935,0.935,0.936,0.936,0.937,0.938,0.938,0.939,0.939,0.940,0.940,0.941,0.941,0.942,0.943,
0.943,0.944,0.944,0.945,0.945,0.946,0.947,0.947,0.948,0.948,0.949,0.949,0.950,0.951,0.951,0.952,0.952,0.953,0.953,0.954,
0.955,0.955,0.956,0.956,0.957,0.957,0.958,0.959,0.959,0.960,0.960,0.961,0.962,0.962,0.963,0.963,0.964,0.965,0.965,0.966,
0.966,0.967,0.967,0.968,0.969,0.969,0.970,0.970,0.971,0.972,0.972,0.973,0.974,0.974,0.975,0.975,0.976,0.977,0.977,0.978,
0.978,0.979,0.980,0.980,0.981,0.981,0.982,0.983,0.983,0.984,0.985,0.985,0.986,0.986,0.987,0.988,0.988,0.989,0.990,0.990,
0.991,0.992,0.992,0.993,0.993,0.994,0.995,0.995,0.996,0.997,0.997,0.998,0.999,

17mA

1.000,0.973,0.939,0.909,0.888,0.873,0.864,0.858,0.854,0.850,0.846,0.844,0.842,0.842,0.843,0.843,0.842,0.842,0.842,0.842,
0.843,0.843,0.843,0.844,0.844,0.845,0.845,0.846,0.846,0.846,0.847,0.847,0.848,0.848,0.848,0.849,0.849,0.850,0.850,0.850,
0.851,0.851,0.852,0.852,0.853,0.853,0.853,0.854,0.854,0.855,0.855,0.855,0.856,0.856,0.857,0.857,0.858,0.858,0.858,0.859,
0.859,0.860,0.860,0.861,0.861,0.861,0.862,0.862,0.863,0.863,0.864,0.864,0.864,0.865,0.865,0.866,0.866,0.867,0.867,0.867,
0.868,0.868,0.869,0.869,0.870,0.870,0.870,0.871,0.871,0.872,0.872,0.873,0.873,0.874,0.874,0.874,0.875,0.875,0.876,0.876,
0.877,0.877,0.878,0.878,0.878,0.879,0.879,0.880,0.880,0.881,0.881,0.882,0.882,0.882,0.883,0.883,0.884,0.884,0.885,0.885,
0.886,0.886,0.887,0.887,0.887,0.888,0.888,0.889,0.889,0.890,0.890,0.891,0.891,0.892,0.892,0.892,0.893,0.893,0.894,0.894,
0.895,0.895,0.896,0.896,0.897,0.897,0.898,0.898,0.899,0.899,0.899,0.900,0.900,0.901,0.901,0.902,0.902,0.903,0.903,0.904,
0.904,0.905,0.905,0.906,0.906,0.907,0.907,0.908,0.908,0.908,0.909,0.909,0.910,0.910,0.911,0.911,0.912,0.912,0.913,0.913,
0.914,0.914,0.915,0.915,0.916,0.916,0.917,0.917,0.918,0.918,0.919,0.919,0.920,0.920,0.921,0.921,0.922,0.922,0.923,0.923,
0.924,0.924,0.925,0.925,0.926,0.926,0.927,0.927,0.928,0.928,0.929,0.929,0.930,0.930,0.931,0.931,0.932,0.932,0.933,0.933,
0.934,0.934,0.935,0.935,0.936,0.936,0.937,0.937,0.938,0.938,0.939,0.940,0.940,0.941,0.941,0.942,0.942,0.943,0.943,0.944,
0.944,0.945,0.945,0.946,0.946,0.947,0.947,0.948,0.948,0.949,0.950,0.950,0.951,0.951,0.952,0.952,0.953,0.953,0.954,0.954,
0.955,0.955,0.956,0.957,0.957,0.958,0.958,0.959,0.959,0.960,0.960,0.961,0.961,0.962,0.963,0.963,0.964,0.964,0.965,0.965,
0.966,0.966,0.967,0.968,0.968,0.969,0.969,0.970,0.970,0.971,0.972,0.972,0.973,0.973,0.974,0.974,0.975,0.975,0.976,0.977,
0.977,0.978,0.978,0.979,0.979,0.980,0.981,0.981,0.982,0.982,0.983,0.984,0.984,0.985,0.985,0.986,0.986,0.987,0.988,0.988,
0.989,0.989,0.990,0.991,0.991,0.992,0.992,0.993,0.994,0.994,0.995,0.995,0.996,

16mA

1.000,0.976,0.942,0.914,0.895,0.882,0.874,0.867,0.861,0.857,0.855,0.855,0.855,0.854,0.852,0.850,0.851,0.851,0.851,0.852,
0.852,0.853,0.853,0.853,0.854,0.854,0.855,0.855,0.855,0.856,0.856,0.856,0.857,0.857,0.858,0.858,0.858,0.859,0.859,0.860,
0.860,0.860,0.861,0.861,0.862,0.862,0.862,0.863,0.863,0.864,0.864,0.864,0.865,0.865,0.866,0.866,0.866,0.867,0.867,0.868,
0.868,0.868,0.869,0.869,0.870,0.870,0.871,0.871,0.871,0.872,0.872,0.873,0.873,0.873,0.874,0.874,0.875,0.875,0.875,0.876,
0.876,0.877,0.877,0.877,0.878,0.878,0.879,0.879,0.880,0.880,0.880,0.881,0.881,0.882,0.882,0.883,0.883,0.883,0.884,0.884,
0.885,0.885,0.885,0.886,0.886,0.887,0.887,0.888,0.888,0.888,0.889,0.889,0.890,0.890,0.891,0.891,0.891,0.892,0.892,0.893,
0.893,0.894,0.894,0.894,0.895,0.895,0.896,0.896,0.897,0.897,0.898,0.898,0.898,0.899,0.899,0.900,0.900,0.901,0.901,0.901,
0.902,0.902,0.903,0.903,0.904,0.904,0.905,0.905,0.905,0.906,0.906,0.907,0.907,0.908,0.908,0.909,0.909,0.910,0.910,0.910,
0.911,0.911,0.912,0.912,0.913,0.913,0.914,0.914,0.914,0.915,0.915,0.916,0.916,0.917,0.917,0.918,0.918,0.919,0.919,0.920,
0.920,0.920,0.921,0.921,0.922,0.922,0.923,0.923,0.924,0.924,0.925,0.925,0.926,0.926,0.927,0.927,0.927,0.928,0.928,0.929,
0.929,0.930,0.930,0.931,0.931,0.932,0.932,0.933,0.933,0.934,0.934,0.935,0.935,0.936,0.936,0.937,0.937,0.937,0.938,0.938,
0.939,0.939,0.940,0.940,0.941,0.941,0.942,0.942,0.943,0.943,0.944,0.944,0.945,0.945,0.946,0.946,0.947,0.947,0.948,0.948,
0.949,0.949,0.950,0.950,0.951,0.951,0.952,0.952,0.953,0.953,0.954,0.954,0.955,0.955,0.956,0.956,0.957,0.957,0.958,0.958,
0.959,0.959,0.960,0.960,0.961,0.961,0.962,0.962,0.963,0.963,0.964,0.964,0.965,0.965,0.966,0.966,0.967,0.968,0.968,0.969,
0.969,0.970,0.970,0.971,0.971,0.972,0.972,0.973,0.973,0.974,0.974,0.975,0.975,0.976,0.976,0.977,0.977,0.978,0.979,0.979,
0.980,0.980,0.981,0.981,0.982,0.982,0.983,0.983,0.984,0.984,0.985,0.985,0.986,0.987,0.987,0.988,0.988,0.989,0.989,0.990,
0.990,0.991,0.991,0.992,0.993,0.993,0.994,0.994,0.995,0.995,0.996,0.996,0.997,

15mA

1.000,0.970,0.942,0.918,0.899,0.885,0.876,0.869,0.865,0.863,0.861,0.860,0.860,0.859,0.858,0.858,0.858,0.858,0.858,0.858,
0.857,0.857,0.857,0.859,0.859,0.859,0.859,0.860,0.860,0.860,0.861,0.861,0.862,0.862,0.862,0.863,0.863,0.864,0.864,0.864,
0.865,0.865,0.866,0.866,0.866,0.867,0.867,0.868,0.868,0.868,0.869,0.869,0.870,0.870,0.870,0.871,0.871,0.872,0.872,0.872,
0.873,0.873,0.874,0.874,0.874,0.875,0.875,0.876,0.876,0.876,0.877,0.877,0.878,0.878,0.878,0.879,0.879,0.880,0.880,0.880,
0.881,0.881,0.882,0.882,0.882,0.883,0.883,0.884,0.884,0.884,0.885,0.885,0.886,0.886,0.886,0.887,0.887,0.888,0.888,0.888,
0.889,0.889,0.890,0.890,0.890,0.891,0.891,0.892,0.892,0.892,0.893,0.893,0.894,0.894,0.894,0.895,0.895,0.896,0.896,0.897,
0.897,0.897,0.898,0.898,0.899,0.899,0.899,0.900,0.900,0.901,0.901,0.901,0.902,0.902,0.903,0.903,0.904,0.904,0.904,0.905,
0.905,0.906,0.906,0.906,0.907,0.907,0.908,0.908,0.908,0.909,0.909,0.910,0.910,0.911,0.911,0.911,0.912,0.912,0.913,0.913,
0.914,0.914,0.914,0.915,0.915,0.916,0.916,0.916,0.917,0.917,0.918,0.918,0.919,0.919,0.919,0.920,0.920,0.921,0.921,0.922,
0.922,0.922,0.923,0.923,0.924,0.924,0.925,0.925,0.925,0.926,0.926,0.927,0.927,0.928,0.928,0.928,0.929,0.929,0.930,0.930,
0.931,0.931,0.932,0.932,0.932,0.933,0.933,0.934,0.934,0.935,0.935,0.935,0.936,0.936,0.937,0.937,0.938,0.938,0.939,0.939,
0.939,0.940,0.940,0.941,0.941,0.942,0.942,0.943,0.943,0.944,0.944,0.944,0.945,0.945,0.946,0.946,0.947,0.947,0.948,0.948,
0.949,0.949,0.949,0.950,0.950,0.951,0.951,0.952,0.952,0.953,0.953,0.954,0.954,0.955,0.955,0.955,0.956,0.956,0.957,0.957,
0.958,0.958,0.959,0.959,0.960,0.960,0.961,0.961,0.962,0.962,0.962,0.963,0.963,0.964,0.964,0.965,0.965,0.966,0.966,0.967,
0.967,0.968,0.968,0.969,0.969,0.970,0.970,0.971,0.971,0.972,0.972,0.973,0.973,0.974,0.974,0.975,0.975,0.976,0.976,0.977,
0.977,0.978,0.978,0.979,0.979,0.980,0.980,0.981,0.981,0.982,0.982,0.983,0.983,0.984,0.984,0.985,0.985,0.986,0.986,0.987,
0.987,0.988,0.988,0.989,0.989,0.990,0.990,0.991,0.991,0.992,0.992,0.993,0.993,

14mA

1.000,0.982,0.950,0.926,0.910,0.899,0.890,0.884,0.880,0.878,0.875,0.874,0.871,0.871,0.871,0.872,0.872,0.872,0.873,0.873,
0.873,0.873,0.874,0.874,0.874,0.875,0.875,0.875,0.876,0.876,0.876,0.877,0.877,0.877,0.878,0.878,0.878,0.879,0.879,0.879,
0.880,0.880,0.880,0.881,0.881,0.881,0.882,0.882,0.882,0.883,0.883,0.883,0.884,0.884,0.884,0.885,0.885,0.885,0.886,0.886,
0.886,0.887,0.887,0.887,0.888,0.888,0.888,0.889,0.889,0.890,0.890,0.890,0.891,0.891,0.891,0.892,0.892,0.892,0.893,0.893,
0.893,0.894,0.894,0.894,0.895,0.895,0.896,0.896,0.896,0.897,0.897,0.897,0.898,0.898,0.898,0.899,0.899,0.900,0.900,0.900,
0.901,0.901,0.901,0.902,0.902,0.902,0.903,0.903,0.904,0.904,0.904,0.905,0.905,0.905,0.906,0.906,0.907,0.907,0.907,0.908,
0.908,0.908,0.909,0.909,0.910,0.910,0.910,0.911,0.911,0.911,0.912,0.912,0.913,0.913,0.913,0.914,0.914,0.915,0.915,0.915,
0.916,0.916,0.917,0.917,0.917,0.918,0.918,0.918,0.919,0.919,0.920,0.920,0.920,0.921,0.921,0.922,0.922,0.922,0.923,0.923,
0.924,0.924,0.924,0.925,0.925,0.926,0.926,0.926,0.927,0.927,0.928,0.928,0.928,0.929,0.929,0.930,0.930,0.931,0.931,0.931,
0.932,0.932,0.933,0.933,0.933,0.934,0.934,0.935,0.935,0.935,0.936,0.936,0.937,0.937,0.938,0.938,0.938,0.939,0.939,0.940,
0.940,0.940,0.941,0.941,0.942,0.942,0.943,0.943,0.943,0.944,0.944,0.945,0.945,0.946,0.946,0.946,0.947,0.947,0.948,0.948,
0.949,0.949,0.949,0.950,0.950,0.951,0.951,0.952,0.952,0.952,0.953,0.953,0.954,0.954,0.955,0.955,0.955,0.956,0.956,0.957,
0.957,0.958,0.958,0.959,0.959,0.959,0.960,0.960,0.961,0.961,0.962,0.962,0.962,0.963,0.963,0.964,0.964,0.965,0.965,0.966,
0.966,0.966,0.967,0.967,0.968,0.968,0.969,0.969,0.970,0.970,0.971,0.971,0.971,0.972,0.972,0.973,0.973,0.974,0.974,0.975,
0.975,0.975,0.976,0.976,0.977,0.977,0.978,0.978,0.979,0.979,0.980,0.980,0.981,0.981,0.981,0.982,0.982,0.983,0.983,0.984,
0.984,0.985,0.985,0.986,0.986,0.987,0.987,0.987,0.988,0.988,0.989,0.989,0.990,0.990,0.991,0.991,0.992,0.992,0.993,0.993,
0.994,0.994,0.994,0.995,0.995,0.996,0.996,0.997,0.997,0.998,0.998,0.999,0.999,

13mA

1.000,0.979,0.951,0.929,0.914,0.904,0.897,0.891,0.886,0.883,0.881,0.880,0.879,0.878,0.877,0.878,0.878,0.878,0.879,0.879,
0.879,0.880,0.880,0.880,0.881,0.881,0.881,0.881,0.882,0.882,0.882,0.883,0.883,0.883,0.884,0.884,0.884,0.885,0.885,0.885,
0.885,0.886,0.886,0.886,0.887,0.887,0.887,0.888,0.888,0.888,0.889,0.889,0.889,0.890,0.890,0.890,0.891,0.891,0.891,0.892,
0.892,0.892,0.893,0.893,0.893,0.894,0.894,0.894,0.895,0.895,0.895,0.896,0.896,0.896,0.897,0.897,0.897,0.898,0.898,0.898,
0.899,0.899,0.899,0.900,0.900,0.900,0.901,0.901,0.901,0.902,0.902,0.902,0.903,0.903,0.903,0.904,0.904,0.904,0.905,0.905,
0.905,0.906,0.906,0.906,0.907,0.907,0.908,0.908,0.908,0.909,0.909,0.909,0.910,0.910,0.910,0.911,0.911,0.911,0.912,0.912,
0.912,0.913,0.913,0.914,0.914,0.914,0.915,0.915,0.915,0.916,0.916,0.916,0.917,0.917,0.918,0.918,0.918,0.919,0.919,0.919,
0.920,0.920,0.920,0.921,0.921,0.922,0.922,0.922,0.923,0.923,0.923,0.924,0.924,0.925,0.925,0.925,0.926,0.926,0.926,0.927,
0.927,0.928,0.928,0.928,0.929,0.929,0.929,0.930,0.930,0.931,0.931,0.931,0.932,0.932,0.932,0.933,0.933,0.934,0.934,0.934,
0.935,0.935,0.936,0.936,0.936,0.937,0.937,0.937,0.938,0.938,0.939,0.939,0.939,0.940,0.940,0.941,0.941,0.941,0.942,0.942,
0.942,0.943,0.943,0.944,0.944,0.944,0.945,0.945,0.946,0.946,0.946,0.947,0.947,0.948,0.948,0.948,0.949,0.949,0.950,0.950,
0.950,0.951,0.951,0.952,0.952,0.952,0.953,0.953,0.954,0.954,0.954,0.955,0.955,0.956,0.956,0.956,0.957,0.957,0.958,0.958,
0.958,0.959,0.959,0.960,0.960,0.960,0.961,0.961,0.962,0.962,0.962,0.963,0.963,0.964,0.964,0.964,0.965,0.965,0.966,0.966,
0.967,0.967,0.967,0.968,0.968,0.969,0.969,0.969,0.970,0.970,0.971,0.971,0.971,0.972,0.972,0.973,0.973,0.974,0.974,0.974,
0.975,0.975,0.976,0.976,0.976,0.977,0.977,0.978,0.978,0.979,0.979,0.979,0.980,0.980,0.981,0.981,0.981,0.982,0.982,0.983,
0.983,0.984,0.984,0.984,0.985,0.985,0.986,0.986,0.986,0.987,0.987,0.988,0.988,0.989,0.989,0.989,0.990,0.990,0.991,0.991,
0.992,0.992,0.992,0.993,0.993,0.994,0.994,0.995,0.995,0.995,0.996,0.996,0.997,

12mA

1.000,0.981,0.955,0.934,0.919,0.909,0.902,0.897,0.892,0.889,0.888,0.887,0.886,0.885,0.883,0.884,0.884,0.884,0.885,0.885,
0.885,0.886,0.886,0.886,0.887,0.887,0.887,0.887,0.888,0.888,0.888,0.889,0.889,0.889,0.890,0.890,0.890,0.891,0.891,0.891,
0.891,0.892,0.892,0.892,0.893,0.893,0.893,0.894,0.894,0.894,0.895,0.895,0.895,0.895,0.896,0.896,0.896,0.897,0.897,0.897,
0.898,0.898,0.898,0.899,0.899,0.899,0.899,0.900,0.900,0.900,0.901,0.901,0.901,0.902,0.902,0.902,0.903,0.903,0.903,0.904,
0.904,0.904,0.904,0.905,0.905,0.905,0.906,0.906,0.906,0.907,0.907,0.907,0.908,0.908,0.908,0.909,0.909,0.909,0.910,0.910,
0.910,0.911,0.911,0.911,0.911,0.912,0.912,0.912,0.913,0.913,0.913,0.914,0.914,0.914,0.915,0.915,0.915,0.916,0.916,0.916,
0.917,0.917,0.917,0.918,0.918,0.918,0.919,0.919,0.919,0.920,0.920,0.920,0.921,0.921,0.921,0.922,0.922,0.922,0.923,0.923,
0.923,0.924,0.924,0.924,0.924,0.925,0.925,0.925,0.926,0.926,0.927,0.927,0.927,0.928,0.928,0.928,0.929,0.929,0.929,0.930,
0.930,0.930,0.931,0.931,0.931,0.932,0.932,0.932,0.933,0.933,0.933,0.934,0.934,0.934,0.935,0.935,0.935,0.936,0.936,0.936,
0.937,0.937,0.937,0.938,0.938,0.938,0.939,0.939,0.940,0.940,0.940,0.941,0.941,0.941,0.942,0.942,0.942,0.943,0.943,0.943,
0.944,0.944,0.944,0.945,0.945,0.946,0.946,0.946,0.947,0.947,0.947,0.948,0.948,0.948,0.949,0.949,0.949,0.950,0.950,0.951,
0.951,0.951,0.952,0.952,0.952,0.953,0.953,0.954,0.954,0.954,0.955,0.955,0.955,0.956,0.956,0.957,0.957,0.957,0.958,0.958,
0.958,0.959,0.959,0.960,0.960,0.960,0.961,0.961,0.961,0.962,0.962,0.963,0.963,0.963,0.964,0.964,0.964,0.965,0.965,0.966,
0.966,0.966,0.967,0.967,0.968,0.968,0.968,0.969,0.969,0.970,0.970,0.970,0.971,0.971,0.972,0.972,0.972,0.973,0.973,0.974,
0.974,0.974,0.975,0.975,0.976,0.976,0.976,0.977,0.977,0.978,0.978,0.978,0.979,0.979,0.980,0.980,0.980,0.981,0.981,0.982,
0.982,0.983,0.983,0.983,0.984,0.984,0.985,0.985,0.985,0.986,0.986,0.987,0.987,0.988,0.988,0.988,0.989,0.989,0.990,0.990,
0.991,0.991,0.991,0.992,0.992,0.993,0.993,0.994,0.994,0.994,0.995,0.995,0.996,

11mA

1.000,0.977,0.956,0.939,0.925,0.916,0.909,0.905,0.902,0.901,0.900,0.899,0.898,0.897,0.897,0.896,0.896,0.896,0.897,0.897,
0.897,0.897,0.897,0.896,0.896,0.897,0.895,0.896,0.896,0.896,0.896,0.897,0.897,0.897,0.898,0.898,0.898,0.898,0.899,0.899,
0.899,0.900,0.900,0.900,0.901,0.901,0.901,0.901,0.902,0.902,0.902,0.903,0.903,0.903,0.903,0.904,0.904,0.904,0.905,0.905,
0.905,0.906,0.906,0.906,0.906,0.907,0.907,0.907,0.908,0.908,0.908,0.908,0.909,0.909,0.909,0.910,0.910,0.910,0.911,0.911,
0.911,0.911,0.912,0.912,0.912,0.913,0.913,0.913,0.914,0.914,0.914,0.914,0.915,0.915,0.915,0.916,0.916,0.916,0.916,0.917,
0.917,0.917,0.918,0.918,0.918,0.919,0.919,0.919,0.919,0.920,0.920,0.920,0.921,0.921,0.921,0.922,0.922,0.922,0.922,0.923,
0.923,0.923,0.924,0.924,0.924,0.925,0.925,0.925,0.926,0.926,0.926,0.926,0.927,0.927,0.927,0.928,0.928,0.928,0.929,0.929,
0.929,0.929,0.930,0.930,0.930,0.931,0.931,0.931,0.932,0.932,0.932,0.933,0.933,0.933,0.934,0.934,0.934,0.934,0.935,0.935,
0.935,0.936,0.936,0.936,0.937,0.937,0.937,0.938,0.938,0.938,0.938,0.939,0.939,0.939,0.940,0.940,0.940,0.941,0.941,0.941,
0.942,0.942,0.942,0.943,0.943,0.943,0.944,0.944,0.944,0.944,0.945,0.945,0.945,0.946,0.946,0.946,0.947,0.947,0.947,0.948,
0.948,0.948,0.949,0.949,0.949,0.950,0.950,0.950,0.951,0.951,0.951,0.952,0.952,0.952,0.953,0.953,0.953,0.954,0.954,0.954,
0.955,0.955,0.955,0.956,0.956,0.956,0.957,0.957,0.957,0.957,0.958,0.958,0.958,0.959,0.959,0.959,0.960,0.960,0.960,0.961,
0.961,0.961,0.962,0.962,0.963,0.963,0.963,0.964,0.964,0.964,0.965,0.965,0.965,0.966,0.966,0.966,0.967,0.967,0.967,0.968,
0.968,0.968,0.969,0.969,0.969,0.970,0.970,0.970,0.971,0.971,0.971,0.972,0.972,0.972,0.973,0.973,0.973,0.974,0.974,0.975,
0.975,0.975,0.976,0.976,0.976,0.977,0.977,0.977,0.978,0.978,0.978,0.979,0.979,0.979,0.980,0.980,0.981,0.981,0.981,0.982,
0.982,0.982,0.983,0.983,0.983,0.984,0.984,0.984,0.985,0.985,0.986,0.986,0.986,0.987,0.987,0.987,0.988,0.988,0.988,0.989,
0.989,0.990,0.990,0.990,0.991,0.991,0.991,0.992,0.992,0.993,0.993,0.993,0.994,

10mA

1.000,0.987,0.964,0.946,0.934,0.927,0.921,0.916,0.912,0.909,0.908,0.907,0.905,0.904,0.905,0.905,0.905,0.906,0.906,0.906,
0.906,0.907,0.907,0.907,0.908,0.908,0.908,0.908,0.909,0.909,0.909,0.910,0.910,0.910,0.910,0.911,0.911,0.911,0.912,0.912,
0.912,0.912,0.913,0.913,0.913,0.914,0.914,0.914,0.914,0.915,0.915,0.915,0.916,0.916,0.916,0.916,0.917,0.917,0.917,0.918,
0.918,0.918,0.918,0.919,0.919,0.919,0.919,0.920,0.920,0.920,0.921,0.921,0.921,0.921,0.922,0.922,0.922,0.923,0.923,0.923,
0.923,0.924,0.924,0.924,0.924,0.925,0.925,0.925,0.926,0.926,0.926,0.926,0.927,0.927,0.927,0.927,0.928,0.928,0.928,0.929,
0.929,0.929,0.929,0.930,0.930,0.930,0.931,0.931,0.931,0.931,0.932,0.932,0.932,0.932,0.933,0.933,0.933,0.934,0.934,0.934,
0.934,0.935,0.935,0.935,0.936,0.936,0.936,0.936,0.937,0.937,0.937,0.937,0.938,0.938,0.938,0.939,0.939,0.939,0.939,0.940,
0.940,0.940,0.941,0.941,0.941,0.941,0.942,0.942,0.942,0.942,0.943,0.943,0.943,0.944,0.944,0.944,0.944,0.945,0.945,0.945,
0.946,0.946,0.946,0.946,0.947,0.947,0.947,0.948,0.948,0.948,0.948,0.949,0.949,0.949,0.950,0.950,0.950,0.950,0.951,0.951,
0.951,0.952,0.952,0.952,0.952,0.953,0.953,0.953,0.954,0.954,0.954,0.954,0.955,0.955,0.955,0.956,0.956,0.956,0.956,0.957,
0.957,0.957,0.958,0.958,0.958,0.958,0.959,0.959,0.959,0.960,0.960,0.960,0.961,0.961,0.961,0.961,0.962,0.962,0.962,0.963,
0.963,0.963,0.964,0.964,0.964,0.964,0.965,0.965,0.965,0.966,0.966,0.966,0.967,0.967,0.967,0.967,0.968,0.968,0.968,0.969,
0.969,0.969,0.970,0.970,0.970,0.971,0.971,0.971,0.971,0.972,0.972,0.972,0.973,0.973,0.973,0.974,0.974,0.974,0.975,0.975,
0.975,0.976,0.976,0.976,0.977,0.977,0.977,0.978,0.978,0.978,0.978,0.979,0.979,0.979,0.980,0.980,0.980,0.981,0.981,0.981,
0.982,0.982,0.982,0.983,0.983,0.983,0.984,0.984,0.984,0.985,0.985,0.985,0.986,0.986,0.986,0.987,0.987,0.987,0.988,0.988,
0.988,0.989,0.989,0.989,0.990,0.990,0.991,0.991,0.991,0.992,0.992,0.992,0.993,0.993,0.993,0.994,0.994,0.994,0.995,0.995,
0.995,0.996,0.996,0.997,0.997,0.997,0.998,0.998,0.998,0.999,0.999,0.999,1.000,

9mA

1.000,0.983,0.965,0.950,0.938,0.930,0.925,0.922,0.920,0.918,0.916,0.915,0.914,0.914,0.914,0.914,0.914,0.914,0.914,0.914,
0.914,0.914,0.914,0.915,0.915,0.915,0.915,0.916,0.916,0.916,0.916,0.917,0.917,0.917,0.917,0.918,0.918,0.918,0.918,0.919,
0.919,0.919,0.919,0.919,0.920,0.920,0.920,0.920,0.921,0.921,0.921,0.921,0.922,0.922,0.922,0.922,0.923,0.923,0.923,0.923,
0.924,0.924,0.924,0.924,0.925,0.925,0.925,0.925,0.926,0.926,0.926,0.926,0.927,0.927,0.927,0.927,0.928,0.928,0.928,0.928,
0.929,0.929,0.929,0.929,0.930,0.930,0.930,0.930,0.931,0.931,0.931,0.931,0.932,0.932,0.932,0.932,0.933,0.933,0.933,0.933,
0.934,0.934,0.934,0.934,0.935,0.935,0.935,0.935,0.936,0.936,0.936,0.936,0.937,0.937,0.937,0.937,0.938,0.938,0.938,0.938,
0.939,0.939,0.939,0.939,0.940,0.940,0.940,0.940,0.941,0.941,0.941,0.941,0.942,0.942,0.942,0.943,0.943,0.943,0.943,0.944,
0.944,0.944,0.944,0.945,0.945,0.945,0.945,0.946,0.946,0.946,0.946,0.947,0.947,0.947,0.947,0.948,0.948,0.948,0.948,0.949,
0.949,0.949,0.950,0.950,0.950,0.950,0.951,0.951,0.951,0.951,0.952,0.952,0.952,0.952,0.953,0.953,0.953,0.953,0.954,0.954,
0.954,0.954,0.955,0.955,0.955,0.956,0.956,0.956,0.956,0.957,0.957,0.957,0.957,0.958,0.958,0.958,0.958,0.959,0.959,0.959,
0.960,0.960,0.960,0.960,0.961,0.961,0.961,0.961,0.962,0.962,0.962,0.963,0.963,0.963,0.963,0.964,0.964,0.964,0.964,0.965,
0.965,0.965,0.965,0.966,0.966,0.966,0.967,0.967,0.967,0.967,0.968,0.968,0.968,0.968,0.969,0.969,0.969,0.970,0.970,0.970,
0.970,0.971,0.971,0.971,0.972,0.972,0.972,0.972,0.973,0.973,0.973,0.973,0.974,0.974,0.974,0.975,0.975,0.975,0.975,0.976,
0.976,0.976,0.977,0.977,0.977,0.977,0.978,0.978,0.978,0.979,0.979,0.979,0.979,0.980,0.980,0.980,0.980,0.981,0.981,0.981,
0.982,0.982,0.982,0.982,0.983,0.983,0.983,0.984,0.984,0.984,0.984,0.985,0.985,0.985,0.986,0.986,0.986,0.987,0.987,0.987,
0.987,0.988,0.988,0.988,0.989,0.989,0.989,0.989,0.990,0.990,0.990,0.991,0.991,0.991,0.991,0.992,0.992,0.992,0.993,0.993,
0.993,0.994,0.994,0.994,0.994,0.995,0.995,0.995,0.996,0.996,0.996,0.996,0.997,

8mA

1.000,0.984,0.968,0.955,0.945,0.937,0.933,0.930,0.928,0.927,0.926,0.926,0.925,0.925,0.925,0.925,0.926,0.926,0.926,0.925,
0.924,0.924,0.922,0.923,0.923,0.923,0.923,0.923,0.924,0.924,0.924,0.924,0.925,0.925,0.925,0.925,0.925,0.926,0.926,0.926,
0.926,0.926,0.927,0.927,0.927,0.927,0.928,0.928,0.928,0.928,0.928,0.929,0.929,0.929,0.929,0.929,0.930,0.930,0.930,0.930,
0.931,0.931,0.931,0.931,0.931,0.932,0.932,0.932,0.932,0.933,0.933,0.933,0.933,0.933,0.934,0.934,0.934,0.934,0.935,0.935,
0.935,0.935,0.935,0.936,0.936,0.936,0.936,0.937,0.937,0.937,0.937,0.937,0.938,0.938,0.938,0.938,0.939,0.939,0.939,0.939,
0.939,0.940,0.940,0.940,0.940,0.941,0.941,0.941,0.941,0.941,0.942,0.942,0.942,0.942,0.943,0.943,0.943,0.943,0.944,0.944,
0.944,0.944,0.944,0.945,0.945,0.945,0.945,0.946,0.946,0.946,0.946,0.946,0.947,0.947,0.947,0.947,0.948,0.948,0.948,0.948,
0.949,0.949,0.949,0.949,0.950,0.950,0.950,0.950,0.950,0.951,0.951,0.951,0.951,0.952,0.952,0.952,0.952,0.953,0.953,0.953,
0.953,0.953,0.954,0.954,0.954,0.954,0.955,0.955,0.955,0.955,0.956,0.956,0.956,0.956,0.957,0.957,0.957,0.957,0.957,0.958,
0.958,0.958,0.958,0.959,0.959,0.959,0.959,0.960,0.960,0.960,0.960,0.961,0.961,0.961,0.961,0.961,0.962,0.962,0.962,0.962,
0.963,0.963,0.963,0.963,0.964,0.964,0.964,0.964,0.965,0.965,0.965,0.965,0.966,0.966,0.966,0.966,0.966,0.967,0.967,0.967,
0.967,0.968,0.968,0.968,0.968,0.969,0.969,0.969,0.969,0.970,0.970,0.970,0.970,0.971,0.971,0.971,0.971,0.971,0.972,0.972,
0.972,0.972,0.973,0.973,0.973,0.973,0.974,0.974,0.974,0.974,0.975,0.975,0.975,0.975,0.976,0.976,0.976,0.976,0.977,0.977,
0.977,0.977,0.977,0.978,0.978,0.978,0.978,0.979,0.979,0.979,0.979,0.980,0.980,0.980,0.980,0.981,0.981,0.981,0.981,0.982,
0.982,0.982,0.982,0.983,0.983,0.983,0.983,0.983,0.984,0.984,0.984,0.984,0.985,0.985,0.985,0.985,0.986,0.986,0.986,0.986,
0.987,0.987,0.987,0.987,0.988,0.988,0.988,0.988,0.988,0.989,0.989,0.989,0.989,0.990,0.990,0.990,0.990,0.991,0.991,0.991,
0.991,0.992,0.992,0.992,0.992,0.993,0.993,0.993,0.993,0.993,0.994,0.994,0.994,

7mA

1.000,0.988,0.974,0.961,0.953,0.947,0.944,0.940,0.938,0.936,0.934,0.933,0.933,0.933,0.932,0.931,0.933,0.933,0.934,0.934,
0.934,0.934,0.935,0.935,0.935,0.935,0.935,0.936,0.936,0.936,0.936,0.936,0.937,0.937,0.937,0.937,0.937,0.938,0.938,0.938,
0.938,0.938,0.939,0.939,0.939,0.939,0.939,0.940,0.940,0.940,0.940,0.940,0.941,0.941,0.941,0.941,0.941,0.942,0.942,0.942,
0.942,0.942,0.943,0.943,0.943,0.943,0.943,0.944,0.944,0.944,0.944,0.944,0.944,0.945,0.945,0.945,0.945,0.945,0.946,0.946,
0.946,0.946,0.946,0.947,0.947,0.947,0.947,0.947,0.948,0.948,0.948,0.948,0.948,0.948,0.949,0.949,0.949,0.949,0.949,0.950,
0.950,0.950,0.950,0.950,0.951,0.951,0.951,0.951,0.951,0.952,0.952,0.952,0.952,0.952,0.953,0.953,0.953,0.953,0.953,0.954,
0.954,0.954,0.954,0.954,0.954,0.955,0.955,0.955,0.955,0.955,0.956,0.956,0.956,0.956,0.956,0.957,0.957,0.957,0.957,0.957,
0.958,0.958,0.958,0.958,0.959,0.959,0.959,0.959,0.959,0.960,0.960,0.960,0.960,0.960,0.961,0.961,0.961,0.961,0.961,0.962,
0.962,0.962,0.962,0.962,0.963,0.963,0.963,0.963,0.964,0.964,0.964,0.964,0.964,0.965,0.965,0.965,0.965,0.965,0.966,0.966,
0.966,0.966,0.967,0.967,0.967,0.967,0.967,0.968,0.968,0.968,0.968,0.968,0.969,0.969,0.969,0.969,0.970,0.970,0.970,0.970,
0.970,0.971,0.971,0.971,0.971,0.972,0.972,0.972,0.972,0.972,0.973,0.973,0.973,0.973,0.974,0.974,0.974,0.974,0.975,0.975,
0.975,0.975,0.975,0.976,0.976,0.976,0.976,0.977,0.977,0.977,0.977,0.977,0.978,0.978,0.978,0.978,0.979,0.979,0.979,0.979,
0.980,0.980,0.980,0.980,0.980,0.981,0.981,0.981,0.981,0.982,0.982,0.982,0.982,0.983,0.983,0.983,0.983,0.983,0.984,0.984,
0.984,0.984,0.985,0.985,0.985,0.985,0.985,0.986,0.986,0.986,0.986,0.987,0.987,0.987,0.987,0.987,0.988,0.988,0.988,0.988,
0.989,0.989,0.989,0.989,0.989,0.990,0.990,0.990,0.990,0.991,0.991,0.991,0.991,0.991,0.992,0.992,0.992,0.992,0.992,0.993,
0.993,0.993,0.993,0.994,0.994,0.994,0.994,0.994,0.995,0.995,0.995,0.995,0.995,0.996,0.996,0.996,0.996,0.996,0.997,0.997,
0.997,0.997,0.997,0.997,0.998,0.998,0.998,0.998,0.998,0.999,0.999,0.999,0.999,

6mA

1.000,0.989,0.977,0.967,0.960,0.955,0.952,0.949,0.948,0.947,0.946,0.946,0.946,0.945,0.945,0.945,0.944,0.944,0.944,0.944,
0.944,0.944,0.945,0.945,0.945,0.945,0.945,0.946,0.946,0.946,0.946,0.946,0.946,0.947,0.947,0.947,0.947,0.947,0.947,0.948,
0.948,0.948,0.948,0.948,0.948,0.949,0.949,0.949,0.949,0.949,0.949,0.950,0.950,0.950,0.950,0.950,0.950,0.951,0.951,0.951,
0.951,0.951,0.951,0.952,0.952,0.952,0.952,0.952,0.952,0.952,0.953,0.953,0.953,0.953,0.953,0.953,0.954,0.954,0.954,0.954,
0.954,0.954,0.955,0.955,0.955,0.955,0.955,0.955,0.956,0.956,0.956,0.956,0.956,0.956,0.957,0.957,0.957,0.957,0.957,0.957,
0.958,0.958,0.958,0.958,0.958,0.958,0.959,0.959,0.959,0.959,0.959,0.959,0.960,0.960,0.960,0.960,0.960,0.960,0.961,0.961,
0.961,0.961,0.961,0.961,0.962,0.962,0.962,0.962,0.962,0.962,0.963,0.963,0.963,0.963,0.963,0.963,0.964,0.964,0.964,0.964,
0.964,0.965,0.965,0.965,0.965,0.965,0.965,0.966,0.966,0.966,0.966,0.966,0.966,0.967,0.967,0.967,0.967,0.967,0.968,0.968,
0.968,0.968,0.968,0.968,0.969,0.969,0.969,0.969,0.969,0.970,0.970,0.970,0.970,0.970,0.970,0.971,0.971,0.971,0.971,0.971,
0.972,0.972,0.972,0.972,0.972,0.973,0.973,0.973,0.973,0.973,0.974,0.974,0.974,0.974,0.974,0.974,0.975,0.975,0.975,0.975,
0.975,0.976,0.976,0.976,0.976,0.976,0.977,0.977,0.977,0.977,0.977,0.978,0.978,0.978,0.978,0.978,0.979,0.979,0.979,0.979,
0.979,0.979,0.980,0.980,0.980,0.980,0.980,0.981,0.981,0.981,0.981,0.981,0.982,0.982,0.982,0.982,0.982,0.983,0.983,0.983,
0.983,0.983,0.984,0.984,0.984,0.984,0.984,0.984,0.985,0.985,0.985,0.985,0.985,0.986,0.986,0.986,0.986,0.986,0.987,0.987,
0.987,0.987,0.987,0.987,0.988,0.988,0.988,0.988,0.988,0.989,0.989,0.989,0.989,0.989,0.989,0.990,0.990,0.990,0.990,0.990,
0.991,0.991,0.991,0.991,0.991,0.991,0.992,0.992,0.992,0.992,0.992,0.992,0.993,0.993,0.993,0.993,0.993,0.993,0.994,0.994,
0.994,0.994,0.994,0.994,0.994,0.995,0.995,0.995,0.995,0.995,0.995,0.995,0.996,0.996,0.996,0.996,0.996,0.996,0.996,0.997,
0.997,0.997,0.997,0.997,0.997,0.997,0.997,0.998,0.998,0.998,0.998,0.998,0.998,

5mA

1.000,0.992,0.982,0.973,0.967,0.963,0.959,0.957,0.956,0.955,0.955,0.954,0.952,0.952,0.952,0.952,0.953,0.953,0.953,0.953,
0.953,0.953,0.953,0.953,0.954,0.954,0.954,0.954,0.954,0.954,0.954,0.955,0.955,0.955,0.955,0.955,0.955,0.955,0.955,0.956,
0.956,0.956,0.956,0.956,0.956,0.956,0.957,0.957,0.957,0.957,0.957,0.957,0.957,0.958,0.958,0.958,0.958,0.958,0.958,0.958,
0.959,0.959,0.959,0.959,0.959,0.959,0.959,0.960,0.960,0.960,0.960,0.960,0.960,0.960,0.961,0.961,0.961,0.961,0.961,0.961,
0.961,0.962,0.962,0.962,0.962,0.962,0.962,0.963,0.963,0.963,0.963,0.963,0.963,0.963,0.964,0.964,0.964,0.964,0.964,0.964,
0.964,0.965,0.965,0.965,0.965,0.965,0.965,0.965,0.966,0.966,0.966,0.966,0.966,0.966,0.967,0.967,0.967,0.967,0.967,0.967,
0.967,0.968,0.968,0.968,0.968,0.968,0.968,0.969,0.969,0.969,0.969,0.969,0.969,0.969,0.970,0.970,0.970,0.970,0.970,0.970,
0.971,0.971,0.971,0.971,0.971,0.971,0.971,0.972,0.972,0.972,0.972,0.972,0.972,0.972,0.973,0.973,0.973,0.973,0.973,0.973,
0.974,0.974,0.974,0.974,0.974,0.974,0.974,0.975,0.975,0.975,0.975,0.975,0.975,0.976,0.976,0.976,0.976,0.976,0.976,0.976,
0.977,0.977,0.977,0.977,0.977,0.977,0.978,0.978,0.978,0.978,0.978,0.978,0.978,0.979,0.979,0.979,0.979,0.979,0.979,0.980,
0.980,0.980,0.980,0.980,0.980,0.980,0.981,0.981,0.981,0.981,0.981,0.981,0.982,0.982,0.982,0.982,0.982,0.982,0.982,0.983,
0.983,0.983,0.983,0.983,0.983,0.983,0.984,0.984,0.984,0.984,0.984,0.984,0.985,0.985,0.985,0.985,0.985,0.985,0.985,0.986,
0.986,0.986,0.986,0.986,0.986,0.987,0.987,0.987,0.987,0.987,0.987,0.987,0.988,0.988,0.988,0.988,0.988,0.988,0.988,0.989,
0.989,0.989,0.989,0.989,0.989,0.990,0.990,0.990,0.990,0.990,0.990,0.990,0.991,0.991,0.991,0.991,0.991,0.991,0.991,0.992,
0.992,0.992,0.992,0.992,0.992,0.993,0.993,0.993,0.993,0.993,0.993,0.993,0.994,0.994,0.994,0.994,0.994,0.994,0.994,0.995,
0.995,0.995,0.995,0.995,0.995,0.996,0.996,0.996,0.996,0.996,0.996,0.996,0.997,0.997,0.997,0.997,0.997,0.997,0.997,0.998,
0.998,0.998,0.998,0.998,0.998,0.999,0.999,0.999,0.999,0.999,0.999,0.999,1.000,

4mA

1.000,0.992,0.984,0.977,0.972,0.969,0.967,0.965,0.963,0.962,0.961,0.960,0.960,0.960,0.960,0.960,0.960,0.960,0.961,0.961,
0.961,0.961,0.961,0.961,0.961,0.961,0.961,0.961,0.961,0.962,0.962,0.962,0.962,0.962,0.962,0.962,0.962,0.962,0.962,0.963,
0.963,0.963,0.963,0.963,0.963,0.963,0.963,0.963,0.963,0.964,0.964,0.964,0.964,0.964,0.964,0.964,0.964,0.964,0.965,0.965,
0.965,0.965,0.965,0.965,0.965,0.965,0.965,0.965,0.966,0.966,0.966,0.966,0.966,0.966,0.966,0.966,0.966,0.967,0.967,0.967,
0.967,0.967,0.967,0.967,0.967,0.967,0.968,0.968,0.968,0.968,0.968,0.968,0.968,0.968,0.968,0.969,0.969,0.969,0.969,0.969,
0.969,0.969,0.969,0.969,0.970,0.970,0.970,0.970,0.970,0.970,0.970,0.970,0.970,0.971,0.971,0.971,0.971,0.971,0.971,0.971,
0.971,0.972,0.972,0.972,0.972,0.972,0.972,0.972,0.972,0.972,0.973,0.973,0.973,0.973,0.973,0.973,0.973,0.973,0.974,0.974,
0.974,0.974,0.974,0.974,0.974,0.974,0.975,0.975,0.975,0.975,0.975,0.975,0.975,0.975,0.975,0.976,0.976,0.976,0.976,0.976,
0.976,0.976,0.976,0.977,0.977,0.977,0.977,0.977,0.977,0.977,0.977,0.978,0.978,0.978,0.978,0.978,0.978,0.978,0.978,0.979,
0.979,0.979,0.979,0.979,0.979,0.979,0.979,0.980,0.980,0.980,0.980,0.980,0.980,0.980,0.980,0.981,0.981,0.981,0.981,0.981,
0.981,0.981,0.981,0.982,0.982,0.982,0.982,0.982,0.982,0.982,0.983,0.983,0.983,0.983,0.983,0.983,0.983,0.983,0.984,0.984,
0.984,0.984,0.984,0.984,0.984,0.984,0.985,0.985,0.985,0.985,0.985,0.985,0.985,0.985,0.986,0.986,0.986,0.986,0.986,0.986,
0.986,0.986,0.987,0.987,0.987,0.987,0.987,0.987,0.987,0.987,0.988,0.988,0.988,0.988,0.988,0.988,0.988,0.989,0.989,0.989,
0.989,0.989,0.989,0.989,0.989,0.990,0.990,0.990,0.990,0.990,0.990,0.990,0.990,0.991,0.991,0.991,0.991,0.991,0.991,0.991,
0.991,0.992,0.992,0.992,0.992,0.992,0.992,0.992,0.992,0.993,0.993,0.993,0.993,0.993,0.993,0.993,0.994,0.994,0.994,0.994,
0.994,0.994,0.994,0.994,0.995,0.995,0.995,0.995,0.995,0.995,0.995,0.995,0.996,0.996,0.996,0.996,0.996,0.996,0.996,0.996,
0.997,0.997,0.997,0.997,0.997,0.997,0.997,0.997,0.998,0.998,0.998,0.998,0.998,

3mA

1.000,0.996,0.989,0.982,0.978,0.976,0.975,0.973,0.972,0.971,0.970,0.969,0.969,0.969,0.969,0.968,0.968,0.970,0.971,0.971,
0.971,0.971,0.971,0.971,0.971,0.971,0.971,0.971,0.971,0.971,0.971,0.971,0.971,0.972,0.972,0.972,0.972,0.972,0.972,0.972,
0.972,0.972,0.972,0.972,0.972,0.972,0.973,0.973,0.973,0.973,0.973,0.973,0.973,0.973,0.973,0.973,0.973,0.973,0.973,0.974,
0.974,0.974,0.974,0.974,0.974,0.974,0.974,0.974,0.974,0.974,0.974,0.974,0.975,0.975,0.975,0.975,0.975,0.975,0.975,0.975,
0.975,0.975,0.975,0.975,0.976,0.976,0.976,0.976,0.976,0.976,0.976,0.976,0.976,0.976,0.976,0.976,0.977,0.977,0.977,0.977,
0.977,0.977,0.977,0.977,0.977,0.977,0.977,0.977,0.978,0.978,0.978,0.978,0.978,0.978,0.978,0.978,0.978,0.978,0.978,0.979,
0.979,0.979,0.979,0.979,0.979,0.979,0.979,0.979,0.979,0.979,0.979,0.980,0.980,0.980,0.980,0.980,0.980,0.980,0.980,0.980,
0.980,0.980,0.981,0.981,0.981,0.981,0.981,0.981,0.981,0.981,0.981,0.981,0.981,0.982,0.982,0.982,0.982,0.982,0.982,0.982,
0.982,0.982,0.982,0.982,0.983,0.983,0.983,0.983,0.983,0.983,0.983,0.983,0.983,0.983,0.983,0.984,0.984,0.984,0.984,0.984,
0.984,0.984,0.984,0.984,0.984,0.984,0.985,0.985,0.985,0.985,0.985,0.985,0.985,0.985,0.985,0.985,0.985,0.986,0.986,0.986,
0.986,0.986,0.986,0.986,0.986,0.986,0.986,0.986,0.987,0.987,0.987,0.987,0.987,0.987,0.987,0.987,0.987,0.987,0.987,0.988,
0.988,0.988,0.988,0.988,0.988,0.988,0.988,0.988,0.988,0.988,0.989,0.989,0.989,0.989,0.989,0.989,0.989,0.989,0.989,0.989,
0.989,0.990,0.990,0.990,0.990,0.990,0.990,0.990,0.990,0.990,0.990,0.990,0.990,0.991,0.991,0.991,0.991,0.991,0.991,0.991,
0.991,0.991,0.991,0.991,0.992,0.992,0.992,0.992,0.992,0.992,0.992,0.992,0.992,0.992,0.992,0.992,0.993,0.993,0.993,0.993,
0.993,0.993,0.993,0.993,0.993,0.993,0.993,0.993,0.994,0.994,0.994,0.994,0.994,0.994,0.994,0.994,0.994,0.994,0.994,0.994,
0.995,0.995,0.995,0.995,0.995,0.995,0.995,0.995,0.995,0.995,0.995,0.995,0.995,0.996,0.996,0.996,0.996,0.996,0.996,0.996,
0.996,0.996,0.996,0.996,0.996,0.996,0.997,0.997,0.997,0.997,0.997,0.997,0.997,

2mA

1.000,0.995,0.991,0.988,0.987,0.986,0.985,0.985,0.984,0.982,0.981,0.980,0.979,0.980,0.978,0.978,0.978,0.978,0.978,0.979,
0.979,0.979,0.979,0.979,0.979,0.979,0.979,0.979,0.979,0.980,0.980,0.980,0.980,0.980,0.980,0.980,0.980,0.980,0.980,0.980,
0.981,0.981,0.981,0.981,0.981,0.981,0.981,0.981,0.981,0.981,0.981,0.982,0.982,0.982,0.982,0.982,0.982,0.982,0.982,0.982,
0.982,0.982,0.982,0.983,0.983,0.983,0.983,0.983,0.983,0.983,0.983,0.983,0.983,0.983,0.983,0.984,0.984,0.984,0.984,0.984,
0.984,0.984,0.984,0.984,0.984,0.984,0.984,0.984,0.985,0.985,0.985,0.985,0.985,0.985,0.985,0.985,0.985,0.985,0.985,0.985,
0.985,0.985,0.986,0.986,0.986,0.986,0.986,0.986,0.986,0.986,0.986,0.986,0.986,0.986,0.986,0.986,0.986,0.987,0.987,0.987,
0.987,0.987,0.987,0.987,0.987,0.987,0.987,0.987,0.987,0.987,0.987,0.987,0.987,0.988,0.988,0.988,0.988,0.988,0.988,0.988,
0.988,0.988,0.988,0.988,0.988,0.988,0.988,0.988,0.988,0.988,0.989,0.989,0.989,0.989,0.989,0.989,0.989,0.989,0.989,0.989,
0.989,0.989,0.989,0.989,0.989,0.989,0.989,0.990,0.990,0.990,0.990,0.990,0.990,0.990,0.990,0.990,0.990,0.990,0.990,0.990,
0.990,0.990,0.990,0.990,0.990,0.991,0.991,0.991,0.991,0.991,0.991,0.991,0.991,0.991,0.991,0.991,0.991,0.991,0.991,0.991,
0.991,0.991,0.991,0.991,0.992,0.992,0.992,0.992,0.992,0.992,0.992,0.992,0.992,0.992,0.992,0.992,0.992,0.992,0.992,0.992,
0.992,0.992,0.992,0.993,0.993,0.993,0.993,0.993,0.993,0.993,0.993,0.993,0.993,0.993,0.993,0.993,0.993,0.993,0.993,0.993,
0.993,0.993,0.994,0.994,0.994,0.994,0.994,0.994,0.994,0.994,0.994,0.994,0.994,0.994,0.994,0.994,0.994,0.994,0.994,0.994,
0.995,0.995,0.995,0.995,0.995,0.995,0.995,0.995,0.995,0.995,0.995,0.995,0.995,0.995,0.995,0.995,0.995,0.995,0.996,0.996,
0.996,0.996,0.996,0.996,0.996,0.996,0.996,0.996,0.996,0.996,0.996,0.996,0.996,0.996,0.996,0.996,0.997,0.997,0.997,0.997,
0.997,0.997,0.997,0.997,0.997,0.997,0.997,0.997,0.997,0.997,0.997,0.997,0.998,0.998,0.998,0.998,0.998,0.998,0.998,0.998,
0.998,0.998,0.998,0.998,0.998,0.998,0.998,0.999,0.999,0.999,0.999,0.999,0.999,

1mA

1.000,0.995,0.991,0.988,0.987,0.986,0.985,0.985,0.984,0.982,0.981,0.980,0.979,0.980,0.978,0.978,0.978,0.978,0.978,0.979,
0.979,0.979,0.979,0.979,0.979,0.979,0.979,0.979,0.979,0.980,0.980,0.980,0.980,0.980,0.980,0.980,0.980,0.980,0.980,0.980,
0.981,0.981,0.981,0.981,0.981,0.981,0.981,0.981,0.981,0.981,0.981,0.982,0.982,0.982,0.982,0.982,0.982,0.982,0.982,0.982,
0.982,0.982,0.982,0.983,0.983,0.983,0.983,0.983,0.983,0.983,0.983,0.983,0.983,0.983,0.983,0.984,0.984,0.984,0.984,0.984,
0.984,0.984,0.984,0.984,0.984,0.984,0.984,0.984,0.985,0.985,0.985,0.985,0.985,0.985,0.985,0.985,0.985,0.985,0.985,0.985,
0.985,0.985,0.986,0.986,0.986,0.986,0.986,0.986,0.986,0.986,0.986,0.986,0.986,0.986,0.986,0.986,0.986,0.987,0.987,0.987,
0.987,0.987,0.987,0.987,0.987,0.987,0.987,0.987,0.987,0.987,0.987,0.987,0.987,0.988,0.988,0.988,0.988,0.988,0.988,0.988,
0.988,0.988,0.988,0.988,0.988,0.988,0.988,0.988,0.988,0.988,0.989,0.989,0.989,0.989,0.989,0.989,0.989,0.989,0.989,0.989,
0.989,0.989,0.989,0.989,0.989,0.989,0.989,0.990,0.990,0.990,0.990,0.990,0.990,0.990,0.990,0.990,0.990,0.990,0.990,0.990,
0.990,0.990,0.990,0.990,0.990,0.991,0.991,0.991,0.991,0.991,0.991,0.991,0.991,0.991,0.991,0.991,0.991,0.991,0.991,0.991,
0.991,0.991,0.991,0.991,0.992,0.992,0.992,0.992,0.992,0.992,0.992,0.992,0.992,0.992,0.992,0.992,0.992,0.992,0.992,0.992,
0.992,0.992,0.992,0.993,0.993,0.993,0.993,0.993,0.993,0.993,0.993,0.993,0.993,0.993,0.993,0.993,0.993,0.993,0.993,0.993,
0.993,0.993,0.994,0.994,0.994,0.994,0.994,0.994,0.994,0.994,0.994,0.994,0.994,0.994,0.994,0.994,0.994,0.994,0.994,0.994,
0.995,0.995,0.995,0.995,0.995,0.995,0.995,0.995,0.995,0.995,0.995,0.995,0.995,0.995,0.995,0.995,0.995,0.995,0.996,0.996,
0.996,0.996,0.996,0.996,0.996,0.996,0.996,0.996,0.996,0.996,0.996,0.996,0.996,0.996,0.996,0.996,0.997,0.997,0.997,0.997,
0.997,0.997,0.997,0.997,0.997,0.997,0.997,0.997,0.997,0.997,0.997,0.997,0.998,0.998,0.998,0.998,0.998,0.998,0.998,0.998,
0.998,0.998,0.998,0.998,0.998,0.998,0.998,0.999,0.999,0.999,0.999,0.999,0.999,

